Index	Elapsed time [h:mm:ss.hh]	Elapsed time total [h:mm:ss.hh]	Turns number [Nr]	Cadence [rpm]	Cadence peak [rpm]	Cadence average [rpm]	Circ. pedal velocity [m/s]	Speed [km/h]	Avr speed [km/h]	Distance [m]	Distance total [m]	Heart rate [bpm]	Heart rate peak [bpm]	Heart rate average [bpm]	Force [N]	Force peak total [N]	Force peak [N]	Avr force [N]	Torque [Nm]	Avr torque [Nm]	Pace/1000m [sec]	Avr pace/1000m [sec]	Power [W]	Power peak/rev [W]	Avr power [W]	Power/Kg [W/Kg]	Avr power/Kg [W/Kg]	Calories [cal]	Calories total [Kcal]	Work [J]	Work total [KJ]	Left leg percent [%]	Total left leg percent [%]	Right leg percent [%]	Total right leg percent [%]	Left time to force peak [mm:ss:00]	Total left time to force peak [mm:ss:00]	Right time to force peak [mm:ss:00]	Total right time to force peak [mm:ss:00]	Left angle to force peak [0]	Total left angle to force peak [0]	Right angle to force peak [0]	Total right angle to force peak [0]
1	0:00:00.38	0:00:00.38	1	158	158	158	3	72,600	72,600	8	7,663	143	143	143	441	441	651	441	75	75	00:49.58	00:49.58	1239	1239	1239	15,48	15,48	472	0,5	1978	2,0	51	51	49	49	00:00.14	00:00.14	00:00.14	00:00.14	133	133	133	133
2	0:00:00.37	0:00:00.75	2	162	162	160	3	71,426	72,021	7	15,004	144	144	143	411	441	635	426	70	72	00:50.40	00:49.98	1185	1239	1212	14,81	15,15	441	0,9	1847	3,8	49	50	51	50	00:00.13	00:00.13	00:00.14	00:00.14	123	128	140	136
3	0:00:00.37	0:00:01.12	3	162	162	161	3	72,806	72,280	7	22,487	145	145	143	432	441	627	428	73	73	00:49.44	00:49.80	1248	1248	1224	15,60	15,30	463	1,4	1940	5,8	50	50	50	50	00:00.14	00:00.13	00:00.14	00:00.14	133	129	140	137
4	0:00:00.36	0:00:01.48	4	167	167	162	3	71,509	72,093	7	29,638	146	146	143	401	441	588	421	68	72	00:50.34	00:49.93	1189	1248	1215	14,86	15,19	430	1,8	1802	7,6	52	51	48	49	00:00.14	00:00.13	00:00.15	00:00.14	140	132	150	141
5	0:00:00.37	0:00:01.85	5	162	167	162	3	70,695	71,813	7	36,904	147	147	143	399	441	551	417	68	71	00:50.92	00:50.12	1153	1248	1203	14,41	15,04	430	2,2	1799	9,4	52	51	48	49	00:00.15	00:00.14	00:00.15	00:00.14	142	134	150	142
6	0:00:00.37	0:00:02.22	6	162	167	162	3	70,436	71,584	7	44,143	147	147	144	395	441	524	413	67	70	00:51.10	00:50.28	1141	1248	1193	14,26	14,91	426	2,7	1782	11,1	52	51	48	49	00:00.14	00:00.14	00:00.15	00:00.14	133	134	150	144
7	0:00:00.37	0:00:02.59	7	162	167	162	3	69,937	71,348	7	51,331	148	148	144	388	441	533	410	66	70	00:51.47	00:50.44	1119	1248	1182	13,99	14,78	418	3,1	1750	12,9	50	51	50	49	00:00.14	00:00.14	00:00.15	00:00.14	140	135	142	143
8	0:00:00.37	0:00:02.96	8	162	167	162	3	69,195	71,079	7	58,443	149	149	144	377	441	508	406	64	69	00:52.02	00:50.63	1088	1248	1170	13,59	14,63	407	3,5	1703	14,6	48	51	52	49	00:00.14	00:00.14	00:00.15	00:00.14	140	135	142	143
9	0:00:00.37	0:00:03.33	9	162	167	162	3	68,107	70,749	7	65,443	149	149	144	361	441	490	401	61	68	00:52.85	00:50.86	1042	1248	1156	13,02	14,45	391	3,9	1635	16,2	51	51	49	49	00:00.13	00:00.13	00:00.15	00:00.14	130	135	142	143
10	0:00:00.38	0:00:03.71	10	158	167	162	3	67,145	70,380	7	72,530	149	149	144	357	441	464	396	61	67	00:53.61	00:51.12	1003	1248	1140	12,53	14,25	387	4,3	1620	17,9	51	51	49	49	00:00.13	00:00.13	00:00.14	00:00.14	123	134	133	142
11	0:00:00.38	0:00:04.09	11	158	167	161	3	67,013	70,067	7	79,604	150	150	145	355	441	457	392	60	67	00:53.72	00:51.34	997	1248	1127	12,47	14,09	385	4,6	1611	19,5	51	51	49	49	00:00.13	00:00.13	00:00.15	00:00.14	123	133	142	142
12	0:00:00.38	0:00:04.47	12	158	167	161	3	66,425	69,757	7	86,615	150	150	145	346	441	486	388	59	66	00:54.19	00:51.56	974	1248	1114	12,17	13,93	376	5,0	1576	21,0	52	51	48	49	00:00.13	00:00.13	00:00.15	00:00.14	123	132	142	142
13	0:00:00.39	0:00:04.86	13	154	167	160	3	65,917	69,449	7	93,757	151	151	145	348	441	474	385	59	65	00:54.61	00:51.78	954	1248	1101	11,92	13,76	379	5,4	1586	22,6	49	51	51	49	00:00.13	00:00.13	00:00.15	00:00.14	123	131	135	141
14	0:00:00.38	0:00:05.24	14	158	167	160	3	65,750	69,181	7	100,697	152	152	145	337	441	448	382	57	65	00:54.75	00:51.98	947	1248	1090	11,84	13,62	367	5,8	1535	24,2	51	51	49	49	00:00.13	00:00.13	00:00.15	00:00.14	123	131	142	142
15	0:00:00.40	0:00:05.64	15	150	167	160	3	65,150	68,895	7	107,936	154	154	146	346	441	469	379	59	64	00:55.25	00:52.19	924	1248	1078	11,55	13,48	377	6,1	1579	25,7	50	51	50	49	00:00.13	00:00.13	00:00.14	00:00.14	117	130	126	140
16	0:00:00.39	0:00:06.03	16	154	167	159	3	64,118	68,586	7	114,882	155	155	146	323	441	422	375	55	64	00:56.14	00:52.41	885	1248	1066	11,06	13,32	353	6,5	1479	27,2	49	50	51	50	00:00.15	00:00.13	00:00.17	00:00.14	142	130	153	141
17	0:00:00.40	0:00:06.43	17	150	167	159	3	64,013	68,302	7	121,994	156	156	146	330	441	453	373	56	63	00:56.23	00:52.62	881	1248	1054	11,01	13,18	361	6,9	1510	28,7	48	50	52	50	00:00.13	00:00.13	00:00.16	00:00.14	117	130	144	141
18	0:00:00.40	0:00:06.83	18	150	167	158	3	64,143	68,058	7	129,121	157	157	146	332	441	447	370	56	63	00:56.12	00:52.81	886	1248	1044	11,07	13,05	363	7,2	1518	30,2	51	50	49	50	00:00.13	00:00.13	00:00.14	00:00.14	117	129	126	141
19	0:00:00.40	0:00:07.23	19	150	167	158	3	62,933	67,775	7	136,114	158	158	147	315	441	422	367	54	62	00:57.20	00:53.02	841	1248	1033	10,52	12,91	346	7,6	1447	31,7	49	50	51	50	00:00.15	00:00.13	00:00.17	00:00.14	135	129	153	141
20	0:00:00.41	0:00:07.64	20	146	167	157	3	62,531	67,493	7	143,235	159	159	147	317	441	429	365	54	62	00:57.57	00:53.23	827	1248	1022	10,34	12,78	349	7,9	1459	33,2	50	50	50	50	00:00.14	00:00.13	00:00.18	00:00.15	126	129	154	142
21	0:00:00.40	0:00:08.04	21	150	167	157	3	62,336	67,237	7	150,162	160	160	148	307	441	414	362	52	61	00:57.75	00:53.43	820	1248	1012	10,25	12,65	337	8,3	1413	34,6	50	50	50	50	00:00.13	00:00.13	00:00.14	00:00.15	117	128	126	141
22	0:00:00.42	0:00:08.46	22	143	167	156	3	60,609	66,908	7	157,233	161	161	148	299	441	387	359	51	61	00:59.39	00:53.67	760	1248	999	9,50	12,49	330	8,6	1383	36,0	50	50	50	50	00:00.15	00:00.13	00:00.14	00:00.15	129	128	120	140
23	0:00:00.41	0:00:08.87	23	146	167	156	3	61,324	66,649	7	164,217	161	161	148	301	441	425	356	51	61	00:58.70	00:53.87	784	1248	990	9,80	12,37	332	8,9	1390	37,3	53	50	47	50	00:00.13	00:00.13	00:00.13	00:00.14	111	128	117	139
24	0:00:00.42	0:00:09.29	24	143	167	155	3	60,399	66,367	7	171,263	162	162	149	296	441	388	353	50	60	00:59.60	00:54.09	753	1248	979	9,41	12,24	327	9,2	1371	38,7	48	50	52	50	00:00.18	00:00.13	00:00.13	00:00.14	154	129	111	138
25	0:00:00.42	0:00:09.71	25	143	167	154	3	60,335	66,106	7	178,302	162	162	149	295	441	388	351	50	60	00:59.66	00:54.29	751	1248	969	9,38	12,11	327	9,6	1367	40,1	52	50	48	50	00:00.13	00:00.13	00:00.19	00:00.15	111	128	163	139
26	0:00:00.43	0:00:10.14	26	140	167	154	2	59,677	65,833	7	185,431	163	163	149	293	441	387	348	50	59	01:00.32	00:54.50	729	1248	959	9,11	11,98	325	9,9	1362	41,4	52	50	48	50	00:00.13	00:00.13	00:00.18	00:00.15	106	127	154	140
27	0:00:00.42	0:00:10.56	27	143	167	153	3	59,632	65,587	7	192,388	163	163	150	286	441	385	346	49	59	01:00.37	00:54.70	727	1248	950	9,09	11,87	317	10,2	1328	42,8	52	50	48	50	00:00.13	00:00.13	00:00.14	00:00.15	111	126	120	139
28	0:00:00.43	0:00:10.99	28	140	167	153	2	59,396	65,344	7	199,482	164	164	150	290	441	398	344	49	58	01:00.61	00:54.89	719	1248	941	8,99	11,76	321	10,5	1346	44,1	49	50	51	50	00:00.13	00:00.13	00:00.14	00:00.15	106	126	120	138
29	0:00:00.43	0:00:11.42	29	140	167	152	2	59,862	65,138	7	206,632	165	165	150	296	441	384	342	50	58	01:00.13	00:55.06	735	1248	933	9,18	11,66	328	10,9	1372	45,5	52	50	48	50	00:00.14	00:00.13	00:00.17	00:00.15	115	125	146	138
30	0:00:00.43	0:00:11.85	30	140	167	152	2	58,704	64,905	7	213,644	167	167	151	281	441	369	340	48	58	01:01.32	00:55.25	697	1248	924	8,71	11,55	312	11,2	1307	46,8	50	50	50	50	00:00.00	00:00.13	00:00.12	00:00.15	0	121	103	137
31	0:00:00.43	0:00:12.28	31	140	167	151	2	58,779	64,690	7	220,665	167	167	151	282	441	390	338	48	57	01:01.24	00:55.42	699	1248	916	8,74	11,45	313	11,5	1311	48,1	52	50	48	50	00:00.13	00:00.13	00:00.13	00:00.14	106	120	111	136
32	0:00:00.44	0:00:12.72	32	136	167	151	2	57,830	64,453	7	227,733	168	168	152	276	441	359	335	47	57	01:02.25	00:55.61	669	1248	908	8,37	11,35	308	11,8	1289	49,4	49	50	51	50	00:00.14	00:00.13	00:00.14	00:00.14	115	120	115	135
33	0:00:00.44	0:00:13.16	33	136	167	150	2	58,218	64,244	7	234,848	169	169	152	281	441	349	334	48	57	01:01.83	00:55.79	681	1248	900	8,52	11,25	313	12,1	1311	50,7	50	50	50	50	00:00.13	00:00.13	00:00.14	00:00.14	106	119	115	135
34	0:00:00.44	0:00:13.60	34	136	167	150	2	55,397	63,958	7	241,619	170	170	152	245	441	352	331	42	56	01:04.98	00:56.01	596	1248	890	7,45	11,13	277	12,4	1160	51,9	55	51	45	49	00:00.14	00:00.13	00:00.20	00:00.15	115	119	164	136
35	0:00:00.45	0:00:14.05	35	133	167	149	2	57,569	63,753	7	248,815	170	170	153	279	441	380	329	47	56	01:02.53	00:56.18	661	1248	883	8,26	11,04	311	12,7	1304	53,2	51	51	49	49	00:00.13	00:00.13	00:00.13	00:00.14	102	119	106	135
36	0:00:00.44	0:00:14.49	36	136	167	149	2	57,559	63,565	7	255,850	170	170	153	272	441	355	327	46	56	01:02.54	00:56.34	661	1248	876	8,26	10,95	304	13,0	1274	54,4	51	51	49	49	00:00.12	00:00.13	00:00.19	00:00.15	98	118	155	135
37	0:00:00.45	0:00:14.94	37	133	167	149	2	56,556	63,354	7	262,920	171	171	153	265	441	352	325	45	55	01:03.65	00:56.52	630	1248	869	7,88	10,86	298	13,3	1248	55,7	52	51	48	49	00:00.14	00:00.13	00:00.20	00:00.15	110	118	164	136
38	0:00:00.45	0:00:15.39	38	133	167	148	2	57,115	63,172	7	270,059	172	172	154	273	441	373	324	46	55	01:03.03	00:56.68	647	1248	862	8,09	10,78	305	13,6	1278	57,0	52	51	48	49	00:00.13	00:00.13	00:00.13	00:00.15	102	117	106	135
39	0:00:00.45	0:00:15.84	39	133	167	148	2	56,638	62,986	7	277,139	172	172	154	266	441	398	322	45	55	01:03.56	00:56.84	633	1248	856	7,91	10,70	299	13,9	1252	58,2	55	51	45	49	00:00.13	00:00.13	00:00.20	00:00.15	102	117	164	136
40	0:00:00.45	0:00:16.29	40	133	167	147	2	55,578	62,781	7	284,086	172	172	155	253	441	339	320	43	54	01:04.77	00:57.01	601	1248	849	7,51	10,61	286	14,2	1196	59,4	50	51	50	49	00:00.13	00:00.13	00:00.13	00:00.15	102	116	106	135
41	0:00:00.46	0:00:16.75	41	130	167	147	2	55,681	62,586	7	291,201	173	173	155	260	441	398	319	44	54	01:04.65	00:57.18	604	1248	842	7,55	10,53	293	14,5	1228	60,6	53	51	47	49	00:00.14	00:00.13	00:00.20	00:00.15	110	116	157	136
42	0:00:00.45	0:00:17.20	42	133	167	147	2	56,234	62,420	7	298,230	173	173	155	261	441	400	317	44	54	01:04.01	00:57.33	620	1248	836	7,76	10,45	294	14,8	1231	61,9	52	51	48	49	00:00.14	00:00.13	00:00.19	00:00.15	110	116	155	136
43	0:00:00.46	0:00:17.66	43	130	167	146	2	55,983	62,253	7	305,384	173	173	156	264	441	387	316	45	54	01:04.30	00:57.47	613	1248	830	7,66	10,38	297	15,1	1244	63,1	51	51	49	49	00:00.15	00:00.13	00:00.20	00:00.15	117	116	157	137
44	0:00:00.46	0:00:18.12	44	130	167	146	2	55,537	62,082	7	312,480	173	173	156	258	441	374	314	44	53	01:04.82	00:57.62	600	1248	825	7,50	10,31	291	15,4	1220	64,3	52	51	48	49	00:00.13	00:00.13	00:00.15	00:00.15	102	116	117	136
45	0:00:00.46	0:00:18.58	45	130	167	145	2	55,148	61,910	7	319,527	174	174	156	253	441	346	313	43	53	01:05.27	00:57.78	589	1248	819	7,36	10,23	286	15,7	1199	65,5	50	51	50	49	00:00.13	00:00.13	00:00.14	00:00.15	102	115	110	136
46	0:00:00.46	0:00:19.04	46	130	167	145	2	54,109	61,722	7	326,441	174	174	157	241	441	330	311	41	53	01:06.53	00:57.94	559	1248	813	6,99	10,16	273	15,9	1145	66,7	51	51	49	49	00:00.13	00:00.13	00:00.14	00:00.15	102	115	110	135
47	0:00:00.47	0:00:19.51	47	128	167	145	2	53,466	61,523	7	333,421	174	174	157	238	441	369	309	40	53	01:07.33	00:58.11	541	1248	806	6,77	10,07	271	16,2	1136	67,8	51	51	49	49	00:00.14	00:00.13	00:00.21	00:00.15	110	115	158	136
48	0:00:00.47	0:00:19.98	48	128	167	144	2	54,042	61,347	7	340,476	174	174	157	245	441	323	308	42	52	01:06.61	00:58.27	557	1248	800	6,96	10,00	279	16,5	1166	69,0	49	51	51	49	00:00.14	00:00.13	00:00.15	00:00.15	110	115	113	135
49	0:00:00.47	0:00:20.45	49	128	167	144	2	52,544	61,145	7	347,336	175	175	158	227	441	341	306	39	52	01:08.51	00:58.45	516	1248	794	6,45	9,92	260	16,7	1090	70,1	52	51	48	49	00:00.15	00:00.13	00:00.20	00:00.15	113	115	157	136
50	0:00:00.48	0:00:20.93	50	125	167	143	2	53,906	60,979	7	354,524	175	175	158	249	441	360	305	42	52	01:06.78	00:58.60	553	1248	788	6,92	9,85	283	17,0	1184	71,3	51	51	49	49	00:00.15	00:00.13	00:00.15	00:00.15	113	115	113	135
51	0:00:00.47	0:00:21.40	51	128	167	143	2	54,414	60,835	7	361,628	175	175	158	250	441	353	303	42	52	01:06.15	00:58.73	568	1248	783	7,09	9,79	283	17,3	1186	72,4	49	51	51	49	00:00.14	00:00.13	00:00.16	00:00.15	110	115	120	135
52	0:00:00.48	0:00:21.88	52	125	167	143	2	52,067	60,642	7	368,570	176	176	158	226	441	321	302	38	51	01:09.14	00:58.90	504	1248	777	6,30	9,71	260	17,6	1089	73,5	51	51	49	49	00:00.15	00:00.13	00:00.16	00:00.15	113	115	120	134
53	0:00:00.48	0:00:22.36	53	125	167	142	2	52,852	60,475	7	375,617	176	176	159	236	441	353	300	40	51	01:08.11	00:59.05	525	1248	772	6,56	9,65	270	17,8	1129	74,7	50	51	50	49	00:00.14	00:00.13	00:00.15	00:00.15	105	114	113	134
54	0:00:00.48	0:00:22.84	54	125	167	142	2	53,134	60,321	7	382,702	176	176	159	239	441	356	299	41	51	01:07.75	00:59.20	532	1248	767	6,65	9,58	273	18,1	1143	75,8	51	51	49	49	00:00.14	00:00.13	00:00.18	00:00.15	105	114	135	134
55	0:00:00.48	0:00:23.32	55	125	167	142	2	52,840	60,167	7	389,747	176	176	159	236	441	334	298	40	51	01:08.13	00:59.34	524	1248	762	6,55	9,52	269	18,4	1128	76,9	47	51	53	49	00:00.20	00:00.13	00:00.21	00:00.15	150	115	158	134
56	0:00:00.48	0:00:23.80	56	125	167	141	2	52,394	60,010	7	396,733	176	176	160	230	441	339	296	39	50	01:08.70	00:59.49	512	1248	757	6,40	9,46	264	18,6	1105	78,0	53	51	47	49	00:00.16	00:00.13	00:00.21	00:00.15	120	115	158	135
57	0:00:00.49	0:00:24.29	57	122	167	141	2	50,916	59,827	7	403,663	177	177	160	218	441	278	295	37	50	01:10.70	00:59.65	474	1248	751	5,93	9,39	252	18,9	1053	79,1	51	51	49	49	00:00.00	00:00.13	00:00.14	00:00.15	0	113	105	134
58	0:00:00.49	0:00:24.78	58	122	167	140	2	50,180	59,636	7	410,493	177	177	160	209	441	310	293	36	50	01:11.74	00:59.82	456	1248	745	5,70	9,31	243	19,1	1018	80,1	53	51	47	49	00:00.15	00:00.13	00:00.14	00:00.15	108	113	105	134
59	0:00:00.50	0:00:25.28	59	120	167	140	2	49,904	59,443	7	417,424	177	177	160	210	441	297	291	36	50	01:12.13	01:00.00	449	1248	739	5,61	9,24	245	19,4	1025	81,1	49	51	51	49	00:00.15	00:00.13	00:00.15	00:00.15	108	112	108	133
60	0:00:00.50	0:00:25.78	60	120	167	140	2	50,112	59,262	7	424,384	177	177	161	213	441	319	290	36	49	01:11.83	01:00.17	454	1248	734	5,68	9,17	247	19,6	1035	82,2	53	51	47	49	00:00.15	00:00.13	00:00.22	00:00.15	108	112	158	134
61	0:00:00.51	0:00:26.29	61	118	167	139	2	50,558	59,093	7	431,547	177	177	161	222	441	271	289	38	49	01:11.20	01:00.32	465	1248	729	5,81	9,11	258	19,9	1078	83,2	50	51	50	49	00:00.14	00:00.13	00:00.22	00:00.16	97	112	158	134
62	0:00:00.50	0:00:26.79	62	120	167	139	2	49,717	58,918	7	438,452	178	178	161	208	441	263	287	35	49	01:12.40	01:00.49	445	1248	723	5,56	9,04	243	20,1	1016	84,3	50	51	50	49	00:00.13	00:00.13	00:00.24	00:00.16	94	112	173	135
63	0:00:00.51	0:00:27.30	63	118	167	138	2	50,308	58,758	7	445,579	178	178	161	219	441	309	286	37	49	01:11.55	01:00.64	459	1248	718	5,74	8,98	254	20,4	1066	85,3	47	51	53	49	00:00.14	00:00.13	00:00.14	00:00.16	97	111	101	134
64	0:00:00.51	0:00:27.81	64	118	167	138	2	49,173	58,582	7	452,545	178	178	162	206	441	297	284	35	48	01:13.21	01:00.81	431	1248	713	5,39	8,91	241	20,6	1009	86,3	46	51	54	49	00:00.14	00:00.13	00:00.15	00:00.16	97	111	108	134
65	0:00:00.51	0:00:28.32	65	118	167	138	2	48,127	58,394	7	459,363	178	178	162	194	441	310	283	33	48	01:14.80	01:00.98	407	1248	708	5,09	8,84	229	20,9	960	87,3	54	51	46	49	00:00.14	00:00.13	00:00.22	00:00.16	97	111	158	134
66	0:00:00.52	0:00:28.84	66	115	167	137	2	47,323	58,194	7	466,198	178	178	162	189	441	271	281	32	48	01:16.07	01:01.16	389	1248	702	4,86	8,77	225	21,1	941	88,2	48	51	52	49	00:00.00	00:00.13	00:00.14	00:00.16	0	109	97	134
67	0:00:00.53	0:00:29.37	67	113	167	137	2	47,738	58,005	7	473,226	178	178	162	198	441	268	280	34	48	01:15.41	01:01.34	398	1248	696	4,98	8,70	234	21,3	979	89,2	51	51	49	49	00:00.14	00:00.13	00:00.15	00:00.16	93	109	104	133
68	0:00:00.52	0:00:29.89	68	115	167	137	2	47,652	57,825	7	480,109	178	178	163	193	441	270	278	33	47	01:15.54	01:01.51	396	1248	691	4,95	8,64	228	21,5	956	90,2	47	51	53	49	00:00.14	00:00.13	00:00.15	00:00.16	97	108	104	133
