Index	Elapsed time [h:mm:ss.hh]	Elapsed time total [h:mm:ss.hh]	Turns number [Nr]	Cadence [rpm]	Cadence peak [rpm]	Cadence average [rpm]	Circ. pedal velocity [m/s]	Speed [km/h]	Avr speed [km/h]	Distance [m]	Distance total [m]	Heart rate [bpm]	Heart rate peak [bpm]	Heart rate average [bpm]	Force [N]	Force peak total [N]	Force peak [N]	Avr force [N]	Torque [Nm]	Avr torque [Nm]	Pace/1000m [sec]	Avr pace/1000m [sec]	Power [W]	Power peak/rev [W]	Avr power [W]	Power/Kg [W/Kg]	Avr power/Kg [W/Kg]	Calories [cal]	Calories total [Kcal]	Work [J]	Work total [KJ]	Left leg percent [%]	Total left leg percent [%]	Right leg percent [%]	Total right leg percent [%]	Left time to force peak [mm:ss:00]	Total left time to force peak [mm:ss:00]	Right time to force peak [mm:ss:00]	Total right time to force peak [mm:ss:00]	Left angle to force peak [0]	Total left angle to force peak [0]	Right angle to force peak [0]	Total right angle to force peak [0]
1	0:00:00.42	0:00:00.42	1	143	143	143	3	77,493	77,493	9	9,041	150	150	150	581	581	797	581	99	99	00:46.45	00:46.45	1478	1478	1478	15,23	15,23	618	0,6	2588	2,6	52	52	48	48	00:00.13	00:00.13	00:00.12	00:00.12	106	106	108	108
2	0:00:00.39	0:00:00.81	2	154	154	148	3	78,532	77,993	9	17,548	151	151	150	559	581	765	571	95	97	00:45.84	00:46.15	1532	1532	1504	15,79	15,50	594	1,2	2487	5,1	54	53	46	47	00:00.13	00:00.13	00:00.14	00:00.13	117	111	133	120
3	0:00:00.39	0:00:01.20	3	154	154	150	3	76,848	77,621	8	25,874	152	152	150	527	581	714	557	90	95	00:46.84	00:46.37	1445	1532	1485	14,89	15,30	562	1,8	2351	7,4	54	53	46	47	00:00.13	00:00.13	00:00.13	00:00.13	117	113	123	121
4	0:00:00.38	0:00:01.58	4	158	158	152	3	76,807	77,425	8	33,981	152	152	150	513	581	601	546	87	93	00:46.87	00:46.49	1443	1532	1474	14,87	15,20	546	2,3	2288	9,7	49	52	51	48	00:00.11	00:00.12	00:00.12	00:00.12	104	111	114	119
5	0:00:00.38	0:00:01.96	5	158	158	153	3	74,680	76,893	8	41,864	153	153	150	476	581	637	532	81	91	00:48.20	00:46.80	1337	1532	1448	13,78	14,93	508	2,8	2127	11,8	53	53	47	47	00:00.13	00:00.12	00:00.12	00:00.12	123	113	114	118
6	0:00:00.39	0:00:02.35	6	154	158	153	3	74,487	76,494	8	49,933	153	153	151	485	581	581	525	82	89	00:48.33	00:47.04	1328	1532	1428	13,69	14,72	518	3,3	2169	14,0	48	52	52	48	00:00.10	00:00.12	00:00.11	00:00.12	95	110	99	115
7	0:00:00.38	0:00:02.73	7	158	158	154	3	75,355	76,335	8	57,887	153	153	151	487	581	643	519	83	88	00:47.77	00:47.14	1370	1532	1420	14,12	14,64	520	3,9	2177	16,2	53	52	47	48	00:00.11	00:00.12	00:00.13	00:00.12	104	110	123	116
8	0:00:00.39	0:00:03.12	8	154	158	154	3	73,330	75,959	8	65,831	153	153	151	465	581	561	513	79	87	00:49.09	00:47.37	1273	1532	1401	13,12	14,45	498	4,4	2083	18,3	52	52	48	48	00:00.10	00:00.11	00:00.10	00:00.12	90	107	95	113
9	0:00:00.39	0:00:03.51	9	154	158	154	3	73,281	75,662	8	73,770	152	153	151	464	581	571	507	79	86	00:49.12	00:47.55	1270	1532	1387	13,10	14,30	497	4,9	2079	20,3	50	52	50	48	00:00.11	00:00.11	00:00.11	00:00.12	104	107	99	112
10	0:00:00.39	0:00:03.90	10	154	158	154	3	72,862	75,382	8	81,664	152	153	151	457	581	580	502	78	85	00:49.40	00:47.73	1251	1532	1373	12,89	14,16	489	5,3	2049	22,4	51	52	49	48	00:00.11	00:00.11	00:00.12	00:00.12	104	107	108	111
11	0:00:00.40	0:00:04.30	11	150	158	153	3	71,129	74,986	8	89,567	150	153	151	439	581	555	496	75	84	00:50.61	00:47.97	1172	1532	1354	12,08	13,96	472	5,8	1975	24,4	51	52	49	48	00:00.11	00:00.11	00:00.11	00:00.11	99	106	99	110
12	0:00:00.39	0:00:04.69	12	154	158	154	3	71,333	74,682	8	97,295	148	153	151	431	581	556	491	73	83	00:50.46	00:48.16	1181	1532	1340	12,17	13,81	463	6,3	1940	26,3	53	52	47	48	00:00.10	00:00.11	00:00.10	00:00.11	90	104	95	109
13	0:00:00.41	0:00:05.10	13	146	158	153	3	69,962	74,303	8	105,262	145	153	150	430	581	548	486	73	83	00:51.45	00:48.40	1120	1532	1322	11,55	13,63	464	6,7	1941	28,3	52	52	48	48	00:00.11	00:00.11	00:00.11	00:00.11	94	104	99	108
14	0:00:00.41	0:00:05.51	14	146	158	152	3	68,792	73,893	8	113,097	143	153	150	411	581	522	480	70	82	00:52.33	00:48.65	1071	1532	1304	11,04	13,44	444	7,2	1859	30,1	51	52	49	48	00:00.11	00:00.11	00:00.12	00:00.11	99	103	103	108
15	0:00:00.41	0:00:05.92	15	146	158	152	3	68,536	73,522	8	120,903	142	153	150	407	581	502	475	69	81	00:52.52	00:48.89	1060	1532	1287	10,93	13,27	440	7,6	1841	32,0	50	52	50	48	00:00.10	00:00.11	00:00.11	00:00.11	90	102	94	107
16	0:00:00.41	0:00:06.33	16	146	158	152	3	68,612	73,204	8	128,717	142	153	150	408	581	508	471	69	80	00:52.46	00:49.09	1063	1532	1272	10,96	13,12	441	8,1	1846	33,8	51	52	49	48	00:00.10	00:00.11	00:00.11	00:00.11	90	102	94	106
17	0:00:00.42	0:00:06.75	17	143	158	151	3	67,255	72,834	8	136,563	142	153	149	396	581	492	466	67	79	00:53.52	00:49.33	1007	1532	1256	10,38	12,95	429	8,5	1797	35,6	50	52	50	48	00:00.11	00:00.11	00:00.11	00:00.11	94	101	94	105
18	0:00:00.42	0:00:07.17	18	143	158	151	3	67,741	72,535	8	144,466	142	153	149	404	581	515	463	69	79	00:53.14	00:49.53	1027	1532	1242	10,59	12,81	437	8,9	1831	37,4	53	52	47	48	00:00.10	00:00.11	00:00.12	00:00.11	86	100	103	105
19	0:00:00.43	0:00:07.60	19	140	158	150	2	65,407	72,132	8	152,279	142	153	149	376	581	447	458	64	78	00:55.03	00:49.79	934	1532	1225	9,63	12,63	410	9,3	1715	39,1	50	51	50	49	00:00.11	00:00.11	00:00.11	00:00.11	94	100	90	104
20	0:00:00.42	0:00:08.02	20	143	158	150	3	66,774	71,851	8	160,069	142	153	149	388	581	482	454	66	77	00:53.91	00:49.97	988	1532	1212	10,18	12,50	422	9,8	1765	40,9	52	52	48	48	00:00.10	00:00.11	00:00.11	00:00.11	86	99	94	104
21	0:00:00.43	0:00:08.45	21	140	158	149	2	64,984	71,502	8	167,831	142	153	149	369	581	482	450	63	76	00:55.39	00:50.20	918	1532	1197	9,46	12,35	403	10,2	1687	42,6	55	52	45	48	00:00.12	00:00.11	00:00.11	00:00.11	98	99	94	103
22	0:00:00.44	0:00:08.89	22	136	158	148	2	64,802	71,170	8	175,751	142	153	148	375	581	470	446	64	76	00:55.55	00:50.43	911	1532	1183	9,39	12,20	409	10,6	1714	44,3	50	52	50	48	00:00.11	00:00.11	00:00.11	00:00.11	90	99	90	103
23	0:00:00.44	0:00:09.33	23	136	158	148	2	64,350	70,849	8	183,616	142	153	148	368	581	450	442	63	75	00:55.94	00:50.64	894	1532	1170	9,21	12,06	402	11,0	1684	46,0	52	52	48	48	00:00.11	00:00.11	00:00.10	00:00.11	90	98	82	102
24	0:00:00.44	0:00:09.77	24	136	158	147	2	64,344	70,556	8	191,481	143	153	148	368	581	452	439	63	75	00:55.94	00:50.84	893	1532	1157	9,21	11,93	402	11,4	1683	47,7	51	52	49	48	00:00.10	00:00.11	00:00.11	00:00.11	82	98	90	101
25	0:00:00.44	0:00:10.21	25	136	158	147	2	63,897	70,269	8	199,290	145	153	148	361	581	435	436	61	74	00:56.34	00:51.04	877	1532	1145	9,04	11,80	395	11,8	1654	49,3	51	52	49	48	00:00.11	00:00.11	00:00.11	00:00.11	90	97	90	101
26	0:00:00.44	0:00:10.65	26	136	158	146	2	64,166	70,017	8	207,133	145	153	148	365	581	428	433	62	74	00:56.10	00:51.22	887	1532	1134	9,14	11,69	399	12,2	1671	51,0	50	51	50	49	00:00.10	00:00.11	00:00.12	00:00.11	82	97	98	100
27	0:00:00.45	0:00:11.10	27	133	158	146	2	62,867	69,727	8	214,991	146	153	148	353	581	447	430	60	73	00:57.26	00:51.42	839	1532	1122	8,65	11,57	388	12,6	1624	52,6	53	52	47	48	00:00.12	00:00.11	00:00.11	00:00.11	94	96	90	100
28	0:00:00.45	0:00:11.55	28	133	158	145	2	62,902	69,461	8	222,854	146	153	148	354	581	436	427	60	73	00:57.23	00:51.61	840	1532	1111	8,66	11,46	388	13,0	1626	54,3	50	51	50	49	00:00.11	00:00.11	00:00.11	00:00.11	90	96	86	100
29	0:00:00.45	0:00:12.00	29	133	158	145	2	62,518	69,201	8	230,669	147	153	148	348	581	443	424	59	72	00:57.58	00:51.79	826	1532	1101	8,52	11,35	382	13,3	1601	55,9	51	51	49	49	00:00.11	00:00.11	00:00.11	00:00.11	90	96	86	99
30	0:00:00.45	0:00:12.45	30	133	158	145	2	63,138	68,981	8	238,561	149	153	148	358	581	447	421	61	72	00:57.01	00:51.95	849	1532	1092	8,75	11,25	392	13,7	1641	57,5	49	51	51	49	00:00.11	00:00.11	00:00.12	00:00.11	90	96	94	99
31	0:00:00.45	0:00:12.90	31	133	158	144	2	62,548	68,757	8	246,379	149	153	148	349	581	456	419	59	71	00:57.55	00:52.11	827	1532	1082	8,53	11,16	383	14,1	1603	59,1	53	51	47	49	00:00.11	00:00.11	00:00.11	00:00.11	86	95	90	99
32	0:00:00.46	0:00:13.36	32	130	158	144	2	61,602	68,511	8	254,251	150	153	148	342	581	423	416	58	71	00:58.43	00:52.29	794	1532	1072	8,19	11,06	377	14,5	1577	60,7	51	51	49	49	00:00.11	00:00.11	00:00.11	00:00.11	86	95	86	98
33	0:00:00.46	0:00:13.82	33	130	158	143	2	61,695	68,284	8	262,134	153	153	148	343	581	424	414	58	70	00:58.35	00:52.46	797	1532	1063	8,22	10,96	378	14,9	1583	62,3	52	51	48	49	00:00.11	00:00.11	00:00.11	00:00.11	86	95	86	98
34	0:00:00.46	0:00:14.28	34	130	158	143	2	61,385	68,062	8	269,977	154	154	148	339	581	410	411	58	70	00:58.64	00:52.62	786	1532	1054	8,11	10,87	373	15,2	1563	63,8	50	51	50	49	00:00.11	00:00.11	00:00.11	00:00.11	86	95	86	97
35	0:00:00.46	0:00:14.74	35	130	158	142	2	61,138	67,845	8	277,789	156	156	148	335	581	435	409	57	70	00:58.88	00:52.78	778	1532	1046	8,02	10,78	370	15,6	1547	65,4	52	51	48	49	00:00.12	00:00.11	00:00.12	00:00.11	94	95	94	97
36	0:00:00.47	0:00:15.21	36	128	158	142	2	60,510	67,619	8	285,689	156	156	148	333	581	405	407	57	69	00:59.49	00:52.95	757	1532	1037	7,80	10,69	368	16,0	1541	66,9	49	51	51	49	00:00.12	00:00.11	00:00.12	00:00.11	94	95	90	97
37	0:00:00.46	0:00:15.67	37	130	158	142	2	60,986	67,424	8	293,482	157	157	149	333	581	410	404	57	69	00:59.03	00:53.10	773	1532	1029	7,97	10,61	367	16,3	1538	68,4	51	51	49	49	00:00.11	00:00.11	00:00.12	00:00.11	86	94	94	97
38	0:00:00.47	0:00:16.14	38	128	158	141	2	60,594	67,225	8	301,393	157	157	149	334	581	410	402	57	68	00:59.41	00:53.25	759	1532	1021	7,83	10,53	369	16,7	1546	70,0	52	51	48	49	00:00.12	00:00.11	00:00.12	00:00.11	90	94	94	97
39	0:00:00.47	0:00:16.61	39	128	158	141	2	60,088	67,023	8	309,238	157	157	149	327	581	406	400	56	68	00:59.91	00:53.40	742	1532	1013	7,65	10,45	362	17,1	1514	71,5	48	51	52	49	00:00.11	00:00.11	00:00.12	00:00.11	86	94	90	97
40	0:00:00.47	0:00:17.08	40	128	158	141	2	59,904	66,827	8	317,058	157	157	149	324	581	412	398	55	68	01:00.09	00:53.55	736	1532	1006	7,59	10,37	359	17,4	1503	73,0	49	51	51	49	00:00.11	00:00.11	00:00.20	00:00.11	86	94	150	98
41	0:00:00.47	0:00:17.55	41	128	158	140	2	59,678	66,636	8	324,850	157	157	149	321	581	412	396	55	67	01:00.32	00:53.69	729	1532	998	7,51	10,29	356	17,8	1489	74,5	52	51	48	49	00:00.13	00:00.11	00:00.12	00:00.11	98	94	94	98
42	0:00:00.48	0:00:18.03	42	125	158	140	2	58,284	66,414	8	332,621	156	157	149	307	581	391	394	52	67	01:01.76	00:53.86	684	1532	990	7,05	10,21	342	18,1	1434	75,9	51	51	49	49	00:00.13	00:00.11	00:00.12	00:00.11	98	94	90	98
43	0:00:00.48	0:00:18.51	43	125	158	139	2	59,057	66,223	8	340,495	156	157	150	318	581	414	392	54	67	01:00.95	00:54.01	708	1532	983	7,30	10,13	354	18,5	1481	77,4	51	51	49	49	00:00.12	00:00.11	00:00.12	00:00.11	90	94	90	98
44	0:00:00.48	0:00:18.99	44	125	158	139	2	59,603	66,055	8	348,442	156	157	150	326	581	430	390	55	66	01:00.39	00:54.14	726	1532	976	7,49	10,06	362	18,9	1516	78,9	51	51	49	49	00:00.12	00:00.11	00:00.12	00:00.11	90	94	90	97
45	0:00:00.48	0:00:19.47	45	125	158	139	2	58,757	65,875	8	356,277	154	157	150	314	581	379	388	53	66	01:01.26	00:54.28	699	1532	969	7,20	9,99	349	19,2	1463	80,4	48	51	52	49	00:00.12	00:00.11	00:00.11	00:00.11	90	94	83	97
46	0:00:00.48	0:00:19.95	46	125	158	138	2	58,754	65,704	8	364,110	153	157	150	314	581	408	386	53	66	01:01.27	00:54.42	699	1532	963	7,20	9,93	349	19,5	1462	81,9	52	51	48	49	00:00.12	00:00.11	00:00.13	00:00.11	90	94	98	97
47	0:00:00.48	0:00:20.43	47	125	158	138	2	57,685	65,516	8	371,802	154	157	150	299	581	378	384	51	65	01:02.40	00:54.57	665	1532	956	6,85	9,85	334	19,9	1397	83,2	48	51	52	49	00:00.12	00:00.11	00:00.12	00:00.11	90	93	90	97
48	0:00:00.49	0:00:20.92	48	122	158	138	2	57,831	65,336	8	379,673	155	157	150	307	581	405	382	52	65	01:02.25	00:54.71	669	1532	949	6,90	9,78	343	20,2	1436	84,7	54	51	46	49	00:00.13	00:00.11	00:00.12	00:00.11	94	93	90	97
49	0:00:00.49	0:00:21.41	49	122	158	137	2	57,570	65,158	8	387,509	156	157	150	303	581	375	381	52	65	01:02.53	00:54.85	661	1532	942	6,82	9,72	339	20,6	1420	86,1	49	51	51	49	00:00.12	00:00.11	00:00.20	00:00.11	86	93	150	98
50	0:00:00.49	0:00:21.90	50	122	158	137	2	56,967	64,975	8	395,263	156	157	150	295	581	398	379	50	64	01:03.19	00:54.99	643	1532	936	6,62	9,65	330	20,9	1383	87,5	54	51	46	49	00:00.13	00:00.11	00:00.21	00:00.12	94	93	158	99
51	0:00:00.50	0:00:22.40	51	120	158	137	2	55,548	64,764	8	402,978	158	158	150	281	581	357	377	48	64	01:04.80	00:55.16	600	1532	928	6,19	9,57	317	21,2	1327	88,8	52	51	48	49	00:00.12	00:00.11	00:00.22	00:00.12	86	93	158	101
52	0:00:00.50	0:00:22.90	52	120	158	136	2	56,127	64,576	8	410,773	159	159	151	289	581	372	375	49	64	01:04.14	00:55.31	617	1532	921	6,36	9,50	325	21,5	1361	90,2	51	51	49	49	00:00.12	00:00.11	00:00.12	00:00.12	86	93	86	100
53	0:00:00.50	0:00:23.40	53	120	158	136	2	55,814	64,388	8	418,525	160	160	151	285	581	359	373	48	63	01:04.50	00:55.46	608	1532	915	6,27	9,43	321	21,9	1342	91,5	49	51	51	49	00:00.13	00:00.11	00:00.13	00:00.12	94	93	94	100
54	0:00:00.51	0:00:23.91	54	118	158	136	2	55,179	64,192	8	426,342	160	160	151	281	581	387	371	48	63	01:05.24	00:55.61	589	1532	908	6,08	9,36	318	22,2	1331	92,8	51	51	49	49	00:00.12	00:00.11	00:00.14	00:00.12	86	93	97	100
55	0:00:00.50	0:00:24.41	55	120	158	135	2	55,527	64,015	8	434,054	160	160	151	281	581	372	369	48	63	01:04.83	00:55.76	600	1532	902	6,18	9,29	317	22,5	1326	94,2	51	51	49	49	00:00.13	00:00.11	00:00.13	00:00.12	94	93	94	100
56	0:00:00.52	0:00:24.93	56	115	158	135	2	54,321	63,812	8	441,901	160	160	151	275	581	363	367	47	62	01:06.27	00:55.92	565	1532	895	5,82	9,22	312	22,8	1307	95,5	51	51	49	49	00:00.14	00:00.11	00:00.15	00:00.12	97	93	104	100
57	0:00:00.51	0:00:25.44	57	118	158	134	2	53,980	63,615	8	449,548	159	160	151	265	581	344	365	45	62	01:06.69	00:56.08	555	1532	888	5,73	9,15	301	23,1	1262	96,7	50	51	50	49	00:00.13	00:00.11	00:00.14	00:00.12	94	93	97	100
58	0:00:00.52	0:00:25.96	58	115	158	134	2	54,583	63,434	8	457,432	158	160	151	279	581	363	363	47	62	01:05.95	00:56.22	572	1532	881	5,90	9,09	316	23,4	1322	98,1	49	51	51	49	00:00.14	00:00.11	00:00.15	00:00.12	97	93	104	100
59	0:00:00.52	0:00:26.48	59	115	158	134	2	53,090	63,231	8	465,101	157	160	151	258	581	364	361	44	61	01:07.80	00:56.39	531	1532	875	5,47	9,02	295	23,7	1236	99,3	54	51	46	49	00:00.15	00:00.11	00:00.15	00:00.12	104	93	104	100
60	0:00:00.53	0:00:27.01	60	113	158	133	2	53,204	63,034	8	472,933	156	160	152	265	581	345	359	45	61	01:07.66	00:56.55	534	1532	868	5,51	8,95	302	24,0	1266	100,6	48	51	52	49	00:00.14	00:00.11	00:00.15	00:00.12	97	93	100	100
61	0:00:00.52	0:00:27.53	61	115	158	133	2	54,175	62,867	8	480,759	155	160	152	273	581	374	358	46	61	01:06.45	00:56.69	561	1532	862	5,78	8,89	310	24,3	1298	101,9	53	51	47	49	00:00.14	00:00.11	00:00.15	00:00.12	97	93	104	100
62	0:00:00.53	0:00:28.06	62	113	158	133	2	51,508	62,653	8	488,342	155	160	152	243	581	321	355	41	60	01:09.89	00:56.86	489	1532	855	5,04	8,81	280	24,6	1171	103,0	48	51	52	49	00:00.15	00:00.11	00:00.14	00:00.12	104	94	93	100
63	0:00:00.53	0:00:28.59	63	113	158	132	2	52,841	62,471	8	496,121	155	160	152	260	581	337	354	44	60	01:08.12	00:57.01	524	1532	849	5,40	8,75	297	24,9	1246	104,3	50	51	50	49	00:00.14	00:00.11	00:00.13	00:00.12	93	94	90	100
64	0:00:00.54	0:00:29.13	64	111	158	132	2	52,120	62,279	8	503,939	158	160	152	255	581	339	352	43	60	01:09.07	00:57.17	505	1532	842	5,21	8,69	293	25,2	1228	105,5	49	51	51	49	00:00.14	00:00.11	00:00.16	00:00.12	93	94	107	100
65	0:00:00.54	0:00:29.67	65	111	158	131	2	52,038	62,092	8	511,745	158	160	152	254	581	345	350	43	60	01:09.17	00:57.33	503	1532	836	5,19	8,62	292	25,5	1223	106,7	51	51	49	49	00:00.16	00:00.11	00:00.17	00:00.12	107	94	113	100
66	0:00:00.54	0:00:30.21	66	111	158	131	2	51,433	61,902	8	519,460	162	162	152	246	581	336	348	42	59	01:09.99	00:57.48	487	1532	830	5,02	8,56	284	25,8	1189	107,9	51	51	49	49	00:00.14	00:00.11	00:00.17	00:00.12	93	94	113	100
67	0:00:00.55	0:00:30.76	67	109	158	131	2	50,803	61,703	8	527,221	163	163	152	243	581	320	346	41	59	01:10.86	00:57.65	471	1532	824	4,86	8,49	281	26,1	1176	109,1	50	51	50	49	00:00.15	00:00.11	00:00.17	00:00.12	100	94	109	101
