Index	Elapsed time [h:mm:ss.hh]	Elapsed time total [h:mm:ss.hh]	Turns number [Nr]	Cadence [rpm]	Cadence peak [rpm]	Cadence average [rpm]	Circ. pedal velocity [m/s]	Speed [km/h]	Avr speed [km/h]	Distance [m]	Distance total [m]	Heart rate [bpm]	Heart rate peak [bpm]	Heart rate average [bpm]	Force [N]	Force peak total [N]	Force peak [N]	Avr force [N]	Torque [Nm]	Avr torque [Nm]	Pace/1000m [sec]	Avr pace/1000m [sec]	Power [W]	Power peak/rev [W]	Avr power [W]	Power/Kg [W/Kg]	Avr power/Kg [W/Kg]	Calories [cal]	Calories total [Kcal]	Work [J]	Work total [KJ]	Left leg percent [%]	Total left leg percent [%]	Right leg percent [%]	Total right leg percent [%]	Left time to force peak [mm:ss:00]	Total left time to force peak [mm:ss:00]	Right time to force peak [mm:ss:00]	Total right time to force peak [mm:ss:00]	Left angle to force peak [0]	Total left angle to force peak [0]	Right angle to force peak [0]	Total right angle to force peak [0]
1	0:00:00.56	0:00:00.56	1	107	107	107	2	69,412	69,412	11	10,797	104	104	104	575	575	1006	575	98	98	00:51.86	00:51.86	1097	1097	1097	12,61	12,61	620	0,6	2598	2,6	48	48	52	52	00:00.18	00:00.18	00:00.15	00:00.15	108	108	104	104
2	0:00:00.45	0:00:01.01	2	133	133	119	2	75,312	72,040	9	20,211	105	105	104	576	576	960	576	98	98	00:47.80	00:49.90	1368	1368	1218	15,72	13,99	615	1,2	2575	5,2	54	50	46	50	00:00.14	00:00.16	00:00.14	00:00.14	110	109	115	109
3	0:00:00.41	0:00:01.42	3	146	146	127	3	76,374	73,292	9	28,909	107	107	104	545	576	822	567	93	96	00:47.13	00:49.04	1421	1421	1276	16,33	14,67	581	1,8	2432	7,6	52	51	48	49	00:00.13	00:00.15	00:00.13	00:00.14	111	109	117	111
4	0:00:00.39	0:00:01.81	4	154	154	133	3	75,653	73,800	8	37,105	109	109	104	506	576	733	554	86	94	00:47.58	00:48.71	1385	1421	1300	15,92	14,94	539	2,4	2258	9,9	51	51	49	49	00:00.13	00:00.14	00:00.13	00:00.13	117	111	123	114
5	0:00:00.38	0:00:02.19	5	158	158	137	3	75,489	74,093	8	45,073	109	109	105	490	576	731	543	83	92	00:47.68	00:48.53	1377	1421	1313	15,82	15,09	522	2,9	2187	12,0	52	51	48	49	00:00.13	00:00.14	00:00.13	00:00.13	123	113	123	115
6	0:00:00.38	0:00:02.57	6	158	158	140	3	74,360	74,133	8	52,923	112	112	105	470	576	668	532	80	90	00:48.41	00:48.51	1322	1421	1314	15,19	15,11	503	3,4	2104	14,2	49	51	51	49	00:00.13	00:00.14	00:00.13	00:00.13	123	115	123	117
7	0:00:00.38	0:00:02.95	7	158	158	142	3	73,260	74,020	8	60,656	115	115	105	452	576	646	521	77	89	00:49.13	00:48.59	1269	1421	1308	14,59	15,04	484	3,9	2025	16,2	52	51	48	49	00:00.14	00:00.14	00:00.13	00:00.13	133	117	123	118
8	0:00:00.37	0:00:03.32	8	162	162	145	3	75,018	74,132	8	68,366	118	118	106	469	576	646	516	80	88	00:47.98	00:48.52	1353	1421	1313	15,56	15,10	501	4,4	2096	18,3	49	51	51	49	00:00.11	00:00.13	00:00.13	00:00.13	110	116	123	118
9	0:00:00.37	0:00:03.69	9	162	162	146	3	73,421	74,060	8	75,912	120	120	107	442	576	647	508	75	86	00:49.03	00:48.57	1277	1421	1310	14,68	15,05	474	4,8	1983	20,3	54	51	46	49	00:00.14	00:00.13	00:00.14	00:00.13	133	118	140	120
10	0:00:00.38	0:00:04.07	10	158	162	147	3	73,645	74,022	8	83,685	120	120	107	458	576	613	504	78	86	00:48.88	00:48.60	1287	1421	1308	14,80	15,03	490	5,3	2052	22,3	50	51	50	49	00:00.12	00:00.13	00:00.12	00:00.13	114	117	114	120
11	0:00:00.38	0:00:04.45	11	158	162	148	3	72,307	73,875	8	91,318	120	120	108	436	576	591	498	74	85	00:49.78	00:48.69	1225	1421	1301	14,08	14,95	468	5,8	1957	24,3	50	51	50	49	00:00.13	00:00.13	00:00.13	00:00.13	123	118	123	120
12	0:00:00.37	0:00:04.82	12	162	162	149	3	73,155	73,820	8	98,837	120	120	108	438	576	591	493	74	84	00:49.21	00:48.73	1264	1421	1298	14,53	14,92	469	6,3	1964	26,2	48	51	52	49	00:00.12	00:00.13	00:00.13	00:00.13	120	118	123	120
13	0:00:00.38	0:00:05.20	13	158	162	150	3	71,765	73,670	8	106,412	121	121	108	427	576	585	488	73	83	00:50.16	00:48.83	1200	1421	1291	13,80	14,84	459	6,7	1920	28,2	52	51	48	49	00:00.14	00:00.13	00:00.15	00:00.13	133	119	142	122
14	0:00:00.38	0:00:05.58	14	158	162	151	3	71,333	73,511	8	113,941	121	121	109	420	576	582	484	71	82	00:50.46	00:48.94	1181	1421	1283	13,57	14,75	452	7,2	1890	30,0	50	51	50	49	00:00.12	00:00.13	00:00.12	00:00.13	114	119	114	121
15	0:00:00.39	0:00:05.97	15	154	162	151	3	70,783	73,332	8	121,610	121	121	109	422	576	590	480	72	82	00:50.85	00:49.05	1156	1421	1275	13,29	14,65	454	7,6	1902	31,9	52	51	48	49	00:00.13	00:00.13	00:00.14	00:00.13	117	119	133	122
16	0:00:00.38	0:00:06.35	16	158	162	151	3	70,718	73,176	7	129,074	121	121	110	410	576	536	476	70	81	00:50.90	00:49.16	1154	1421	1268	13,26	14,57	442	8,1	1849	33,8	50	51	50	49	00:00.14	00:00.13	00:00.12	00:00.13	133	119	114	122
17	0:00:00.39	0:00:06.74	17	154	162	151	3	69,712	72,975	8	136,626	121	121	110	405	576	565	471	69	80	00:51.64	00:49.29	1110	1421	1259	12,76	14,47	437	8,5	1829	35,6	53	51	47	49	00:00.13	00:00.13	00:00.13	00:00.13	117	119	123	122
18	0:00:00.39	0:00:07.13	18	154	162	151	3	69,234	72,771	8	144,127	121	121	110	398	576	555	467	68	79	00:51.99	00:49.42	1089	1421	1249	12,52	14,36	429	8,9	1797	37,4	51	51	49	49	00:00.13	00:00.13	00:00.13	00:00.13	117	119	123	122
19	0:00:00.40	0:00:07.53	19	150	162	151	3	68,725	72,556	8	151,763	121	121	111	400	576	559	464	68	79	00:52.38	00:49.57	1068	1421	1240	12,27	14,25	432	9,4	1809	39,2	49	51	51	49	00:00.14	00:00.13	00:00.13	00:00.13	126	120	117	121
20	0:00:00.39	0:00:07.92	20	154	162	152	3	69,050	72,383	7	159,243	121	121	111	395	576	531	460	67	78	00:52.13	00:49.68	1081	1421	1232	12,43	14,16	426	9,8	1785	41,0	52	51	48	49	00:00.12	00:00.13	00:00.12	00:00.13	108	119	114	121
21	0:00:00.40	0:00:08.32	21	150	162	151	3	66,754	72,113	7	166,660	121	121	111	370	576	554	456	63	78	00:53.92	00:49.86	987	1421	1220	11,34	14,02	401	10,2	1680	42,7	50	51	50	49	00:00.12	00:00.13	00:00.13	00:00.13	108	118	117	121
22	0:00:00.41	0:00:08.73	22	146	162	151	3	67,125	71,878	8	174,305	121	121	111	385	576	526	453	65	77	00:53.63	00:50.01	1002	1421	1210	11,51	13,91	417	10,6	1746	44,4	51	51	49	49	00:00.13	00:00.13	00:00.12	00:00.13	111	118	108	120
23	0:00:00.40	0:00:09.13	23	150	162	151	3	66,340	71,636	7	181,676	121	121	112	363	576	536	449	62	76	00:54.26	00:50.18	970	1421	1199	11,15	13,79	395	11,0	1653	46,1	47	51	53	49	00:00.14	00:00.13	00:00.12	00:00.13	126	118	108	120
24	0:00:00.41	0:00:09.54	24	146	162	151	3	67,748	71,469	8	189,392	121	121	112	394	576	568	446	67	76	00:53.13	00:50.29	1027	1421	1192	11,81	13,70	427	11,4	1788	47,9	52	51	48	49	00:00.12	00:00.13	00:00.12	00:00.13	103	118	108	119
25	0:00:00.41	0:00:09.95	25	146	162	151	3	66,235	71,253	8	196,935	120	121	112	371	576	552	443	63	75	00:54.35	00:50.44	966	1421	1183	11,11	13,59	403	11,8	1688	49,6	48	51	52	49	00:00.13	00:00.13	00:00.12	00:00.12	111	118	108	119
26	0:00:00.41	0:00:10.36	26	146	162	151	3	67,573	71,107	8	204,631	117	121	112	391	576	531	441	67	75	00:53.27	00:50.54	1020	1421	1176	11,72	13,52	424	12,3	1776	51,3	49	51	51	49	00:00.13	00:00.13	00:00.13	00:00.12	117	117	111	118
27	0:00:00.41	0:00:10.77	27	146	162	150	3	64,635	70,861	7	211,992	115	121	112	347	576	491	438	59	74	00:55.69	00:50.70	904	1421	1166	10,39	13,40	379	12,6	1586	52,9	48	51	52	49	00:00.12	00:00.13	00:00.12	00:00.12	108	117	103	118
28	0:00:00.41	0:00:11.18	28	146	162	150	3	67,296	70,730	8	219,657	116	121	112	387	576	558	436	66	74	00:53.49	00:50.80	1009	1421	1160	11,59	13,33	420	13,1	1757	54,7	48	50	52	50	00:00.12	00:00.13	00:00.14	00:00.12	108	117	120	118
29	0:00:00.42	0:00:11.60	29	143	162	150	3	63,201	70,458	7	227,030	116	121	113	335	576	471	432	57	73	00:56.96	00:50.98	851	1421	1149	9,78	13,21	367	13,4	1536	56,2	48	50	52	50	00:00.14	00:00.13	00:00.11	00:00.12	120	117	94	117
30	0:00:00.41	0:00:12.01	30	146	162	150	3	65,493	70,288	7	234,489	114	121	113	360	576	502	430	61	73	00:54.96	00:51.10	937	1421	1142	10,77	13,12	392	13,8	1640	57,9	51	50	49	50	00:00.12	00:00.13	00:00.12	00:00.12	103	116	108	117
31	0:00:00.43	0:00:12.44	31	140	162	150	2	62,247	70,010	7	241,924	114	121	113	329	576	466	426	56	72	00:57.83	00:51.28	817	1421	1130	9,39	12,99	361	14,2	1513	59,4	50	50	50	50	00:00.13	00:00.13	00:00.12	00:00.12	106	116	103	116
32	0:00:00.43	0:00:12.87	32	140	162	149	2	62,276	69,752	7	249,363	115	121	113	329	576	488	423	56	72	00:57.80	00:51.46	818	1421	1120	9,40	12,87	362	14,5	1515	60,9	46	50	54	50	00:00.14	00:00.13	00:00.13	00:00.12	120	116	106	116
33	0:00:00.42	0:00:13.29	33	143	162	149	3	65,025	69,602	8	256,949	116	121	113	361	576	541	421	61	72	00:55.36	00:51.57	919	1421	1114	10,57	12,80	394	14,9	1650	62,5	51	50	49	50	00:00.12	00:00.13	00:00.12	00:00.12	103	116	103	116
34	0:00:00.43	0:00:13.72	34	140	162	149	2	62,522	69,381	7	264,417	116	121	113	333	576	494	418	57	71	00:57.57	00:51.72	827	1421	1105	9,50	12,70	365	15,3	1530	64,1	50	50	50	50	00:00.13	00:00.13	00:00.13	00:00.12	106	115	111	115
35	0:00:00.44	0:00:14.16	35	136	162	148	2	61,485	69,135	8	271,932	115	121	113	325	576	481	415	55	71	00:58.55	00:51.89	790	1421	1095	9,08	12,58	359	15,7	1501	65,6	48	50	52	50	00:00.14	00:00.13	00:00.13	00:00.12	115	115	106	115
36	0:00:00.43	0:00:14.59	36	140	162	148	2	61,497	68,910	7	279,277	112	121	113	318	576	467	413	54	70	00:58.53	00:52.05	790	1421	1086	9,08	12,48	351	16,0	1468	67,0	52	50	48	50	00:00.14	00:00.13	00:00.12	00:00.12	115	115	103	115
37	0:00:00.44	0:00:15.03	37	136	162	148	2	62,107	68,711	8	286,868	112	121	113	334	576	526	410	57	70	00:57.96	00:52.19	812	1421	1078	9,33	12,39	368	16,4	1540	68,6	51	50	49	50	00:00.13	00:00.13	00:00.14	00:00.12	106	115	115	115
38	0:00:00.44	0:00:15.47	38	136	162	147	2	60,226	68,470	7	294,229	111	121	113	308	576	443	407	52	69	00:59.77	00:52.36	747	1421	1068	8,59	12,28	341	16,7	1426	70,0	50	50	50	50	00:00.14	00:00.13	00:00.14	00:00.12	115	115	115	115
39	0:00:00.45	0:00:15.92	39	133	162	147	2	60,995	68,258	8	301,853	110	121	113	326	576	474	405	55	69	00:59.02	00:52.52	773	1421	1060	8,89	12,19	359	17,1	1505	71,5	51	50	49	50	00:00.15	00:00.13	00:00.13	00:00.12	117	115	106	115
40	0:00:00.44	0:00:16.36	40	136	162	147	2	59,710	68,028	7	309,151	110	121	113	301	576	470	402	51	68	01:00.29	00:52.68	730	1421	1051	8,39	12,08	333	17,4	1395	72,9	54	50	46	50	00:00.13	00:00.13	00:00.14	00:00.12	106	115	115	115
41	0:00:00.45	0:00:16.81	41	133	162	146	2	60,918	67,838	8	316,766	110	121	113	325	576	496	400	55	68	00:59.09	00:52.82	770	1421	1044	8,86	12,00	358	17,8	1500	74,4	53	50	47	50	00:00.13	00:00.13	00:00.14	00:00.12	102	115	115	115
42	0:00:00.45	0:00:17.26	42	133	162	146	2	59,009	67,608	7	324,142	110	121	113	298	576	439	397	51	68	01:01.00	00:52.98	707	1421	1035	8,12	11,90	331	18,1	1386	75,8	52	50	48	50	00:00.13	00:00.13	00:00.12	00:00.12	102	114	98	114
43	0:00:00.46	0:00:17.72	43	130	162	146	2	57,933	67,357	7	331,545	110	121	113	290	576	467	395	49	67	01:02.14	00:53.16	672	1421	1026	7,73	11,79	323	18,4	1354	77,1	54	51	46	49	00:00.13	00:00.13	00:00.12	00:00.12	102	114	94	114
44	0:00:00.45	0:00:18.17	44	133	162	145	2	60,406	67,185	8	339,095	110	121	112	317	576	473	393	54	67	00:59.59	00:53.29	753	1421	1019	8,66	11,71	351	18,8	1469	78,6	48	50	52	50	00:00.13	00:00.13	00:00.14	00:00.12	106	114	110	113
45	0:00:00.46	0:00:18.63	45	130	162	145	2	58,287	66,965	7	346,543	111	121	112	294	576	449	390	50	66	01:01.76	00:53.45	684	1421	1010	7,86	11,61	328	19,1	1374	80,0	51	50	49	50	00:00.15	00:00.13	00:00.13	00:00.12	117	114	102	113
46	0:00:00.46	0:00:19.09	46	130	162	145	2	57,170	66,729	7	353,848	112	121	112	279	576	434	388	47	66	01:02.97	00:53.63	649	1421	1002	7,46	11,51	313	19,4	1310	81,3	53	51	47	49	00:00.14	00:00.13	00:00.14	00:00.12	110	114	110	113
47	0:00:00.47	0:00:19.56	47	128	162	144	2	57,871	66,516	8	361,404	112	121	112	295	576	457	385	50	66	01:02.20	00:53.78	671	1421	994	7,71	11,42	329	19,7	1379	82,7	51	51	49	49	00:00.14	00:00.13	00:00.13	00:00.12	105	114	102	113
48	0:00:00.47	0:00:20.03	48	128	162	144	2	56,698	66,286	7	368,806	114	121	112	279	576	470	383	47	65	01:03.49	00:53.95	634	1421	985	7,29	11,33	313	20,1	1311	84,0	52	51	48	49	00:00.15	00:00.13	00:00.15	00:00.12	117	114	113	113
49	0:00:00.46	0:00:20.49	49	130	162	143	2	59,556	66,135	8	376,416	115	121	112	312	576	515	381	53	65	01:00.44	00:54.07	725	1421	980	8,33	11,26	346	20,4	1450	85,4	54	51	46	49	00:00.12	00:00.13	00:00.14	00:00.13	94	113	110	113
50	0:00:00.47	0:00:20.96	50	128	162	143	2	57,949	65,951	8	383,981	115	121	113	296	576	461	379	50	65	01:02.12	00:54.21	673	1421	973	7,74	11,18	331	20,7	1384	86,8	54	51	46	49	00:00.14	00:00.13	00:00.13	00:00.13	105	113	102	113
51	0:00:00.46	0:00:21.42	51	130	162	143	2	59,138	65,805	8	391,538	117	121	113	306	576	464	378	52	64	01:00.87	00:54.33	711	1421	967	8,17	11,12	340	21,1	1424	88,2	52	51	48	49	00:00.14	00:00.13	00:00.17	00:00.13	110	113	133	113
52	0:00:00.47	0:00:21.89	52	128	162	143	2	55,215	65,577	7	398,747	118	121	113	260	576	402	375	44	64	01:05.19	00:54.50	590	1421	959	6,79	11,02	294	21,4	1229	89,5	57	51	43	49	00:00.14	00:00.13	00:00.12	00:00.13	105	113	94	113
53	0:00:00.48	0:00:22.37	53	125	162	142	2	56,119	65,374	7	406,229	119	121	113	277	576	445	373	47	63	01:04.14	00:54.65	617	1421	952	7,09	10,94	312	21,7	1306	90,8	54	51	46	49	00:00.14	00:00.13	00:00.15	00:00.13	105	113	113	113
54	0:00:00.48	0:00:22.85	54	125	162	142	2	54,621	65,148	7	413,512	119	121	113	258	576	371	371	44	63	01:05.90	00:54.82	573	1421	944	6,59	10,85	292	22,0	1222	92,0	51	51	49	49	00:00.14	00:00.13	00:00.15	00:00.13	105	112	113	113
55	0:00:00.49	0:00:23.34	55	122	162	141	2	54,210	64,919	7	420,890	118	121	113	258	576	380	368	44	63	01:06.40	00:55.00	562	1421	936	6,46	10,75	293	22,3	1225	93,2	48	51	52	49	00:00.17	00:00.13	00:00.13	00:00.13	122	113	98	112
56	0:00:00.49	0:00:23.83	56	122	162	141	2	55,090	64,717	7	428,389	118	121	113	269	576	428	366	46	62	01:05.34	00:55.15	587	1421	928	6,75	10,67	304	22,6	1274	94,5	55	51	45	49	00:00.14	00:00.13	00:00.14	00:00.13	101	112	105	112
57	0:00:00.49	0:00:24.32	57	122	162	141	2	56,671	64,555	8	436,102	119	121	113	291	576	450	365	49	62	01:03.52	00:55.28	634	1421	923	7,28	10,60	326	22,9	1366	95,9	50	51	50	49	00:00.14	00:00.13	00:00.18	00:00.13	105	112	130	112
58	0:00:00.48	0:00:24.80	58	125	162	140	2	55,073	64,371	7	443,445	118	121	113	264	576	443	363	45	62	01:05.36	00:55.43	586	1421	916	6,74	10,53	298	23,2	1247	97,1	56	51	44	49	00:00.14	00:00.13	00:00.19	00:00.13	105	112	143	113
59	0:00:00.49	0:00:25.29	59	122	162	140	2	53,535	64,161	7	450,732	118	121	113	249	576	445	361	42	61	01:07.24	00:55.59	543	1421	909	6,24	10,45	284	23,5	1188	98,3	62	51	38	49	00:00.14	00:00.13	00:00.20	00:00.13	101	112	150	114
60	0:00:00.49	0:00:25.78	60	122	162	140	2	55,550	63,998	8	458,293	119	121	113	275	576	420	359	47	61	01:04.80	00:55.72	600	1421	903	6,90	10,38	311	23,8	1300	99,6	52	51	48	49	00:00.13	00:00.13	00:00.15	00:00.13	94	112	113	114
61	0:00:00.50	0:00:26.28	61	120	162	139	2	51,990	63,769	7	465,514	119	121	114	235	576	353	357	40	61	01:09.24	00:55.90	502	1421	895	5,77	10,29	270	24,1	1130	100,7	52	51	48	49	00:00.16	00:00.13	00:00.18	00:00.13	115	112	130	114
62	0:00:00.50	0:00:26.78	62	120	162	139	2	52,903	63,566	7	472,862	119	121	114	246	576	397	355	42	60	01:08.04	00:56.06	526	1421	888	6,04	10,21	281	24,3	1178	101,9	53	51	47	49	00:00.15	00:00.13	00:00.15	00:00.13	108	112	108	114
63	0:00:00.51	0:00:27.29	63	118	162	139	2	52,653	63,362	7	480,321	120	121	114	248	576	390	353	42	60	01:08.37	00:56.22	519	1421	882	5,97	10,13	284	24,6	1188	103,1	53	51	47	49	00:00.16	00:00.13	00:00.16	00:00.13	111	112	115	114
64	0:00:00.51	0:00:27.80	64	118	162	138	2	52,216	63,158	7	487,718	120	121	114	242	576	368	351	41	60	01:08.94	00:56.38	508	1421	875	5,83	10,05	278	24,9	1165	104,3	50	51	50	49	00:00.15	00:00.13	00:00.17	00:00.13	108	111	118	114
65	0:00:00.51	0:00:28.31	65	118	162	138	2	51,701	62,951	7	495,042	120	121	114	236	576	365	349	40	59	01:09.63	00:56.55	494	1421	868	5,68	9,97	272	25,2	1137	105,4	52	51	48	49	00:00.15	00:00.13	00:00.14	00:00.13	104	111	101	114
66	0:00:00.52	0:00:28.83	66	115	162	137	2	51,519	62,745	7	502,484	121	121	114	238	576	394	347	41	59	01:09.87	00:56.71	489	1421	861	5,63	9,90	275	25,4	1150	106,6	48	51	52	49	00:00.15	00:00.13	00:00.15	00:00.13	104	111	104	114
67	0:00:00.52	0:00:29.35	67	115	162	137	2	53,440	62,580	8	510,203	121	121	114	263	576	436	345	45	59	01:07.36	00:56.85	540	1421	855	6,21	9,83	300	25,7	1256	107,8	49	51	51	49	00:00.16	00:00.13	00:00.18	00:00.13	111	111	125	114
68	0:00:00.50	0:00:29.85	68	120	162	137	2	55,441	62,461	8	517,903	122	122	114	279	576	449	344	48	58	01:04.93	00:56.96	597	1421	851	6,86	9,78	315	26,1	1320	109,1	50	51	50	49	00:00.17	00:00.13	00:00.20	00:00.13	122	111	144	114
69	0:00:00.52	0:00:30.37	69	115	162	136	2	50,351	62,253	7	525,176	122	122	114	224	576	388	342	38	58	01:11.49	00:57.13	460	1421	844	5,29	9,70	260	26,3	1089	110,2	43	51	57	49	00:00.22	00:00.13	00:00.15	00:00.13	152	112	104	114
