Index	Elapsed time [h:mm:ss.hh]	Elapsed time total [h:mm:ss.hh]	Turns number [Nr]	Cadence [rpm]	Cadence peak [rpm]	Cadence average [rpm]	Circ. pedal velocity [m/s]	Speed [km/h]	Avr speed [km/h]	Distance [m]	Distance total [m]	Heart rate [bpm]	Heart rate peak [bpm]	Heart rate average [bpm]	Force [N]	Force peak total [N]	Force peak [N]	Avr force [N]	Torque [Nm]	Avr torque [Nm]	Pace/1000m [sec]	Avr pace/1000m [sec]	Power [W]	Power peak/rev [W]	Avr power [W]	Power/Kg [W/Kg]	Avr power/Kg [W/Kg]	Calories [cal]	Calories total [Kcal]	Work [J]	Work total [KJ]	Left leg percent [%]	Total left leg percent [%]	Right leg percent [%]	Total right leg percent [%]	Left time to force peak [mm:ss:00]	Total left time to force peak [mm:ss:00]	Right time to force peak [mm:ss:00]	Total right time to force peak [mm:ss:00]	Left angle to force peak [0]	Total left angle to force peak [0]	Right angle to force peak [0]	Total right angle to force peak [0]
1	0:00:00.39	0:00:00.39	1	154	154	154	3	75,350	75,350	8	8,163	138	138	138	500	500	659	500	85	85	00:47.77	00:47.77	1370	1370	1370	14,49	14,49	534	0,5	2234	2,2	52	52	48	48	00:00.12	00:00.12	00:00.12	00:00.12	108	108	114	114
2	0:00:00.37	0:00:00.76	2	162	162	158	3	77,835	76,560	8	16,163	138	138	138	518	518	678	509	88	86	00:46.25	00:47.01	1495	1495	1431	15,82	15,14	551	1,1	2306	4,5	49	50	51	50	00:00.13	00:00.12	00:00.14	00:00.13	130	118	133	123
3	0:00:00.37	0:00:01.13	3	162	162	159	3	73,888	75,685	8	23,757	140	140	138	450	518	613	490	76	83	00:48.72	00:47.54	1299	1495	1388	13,75	14,68	481	1,6	2015	6,6	48	50	52	50	00:00.15	00:00.13	00:00.11	00:00.12	150	129	104	117
4	0:00:00.37	0:00:01.50	4	162	162	160	3	75,231	75,573	8	31,489	141	141	139	472	518	564	485	80	83	00:47.85	00:47.62	1364	1495	1382	14,43	14,62	504	2,1	2111	8,7	51	50	49	50	00:00.15	00:00.13	00:00.10	00:00.11	142	132	100	113
5	0:00:00.37	0:00:01.87	5	162	162	160	3	74,366	75,334	8	39,132	143	143	140	458	518	604	480	78	82	00:48.40	00:47.77	1322	1495	1370	13,99	14,50	489	2,6	2049	10,7	54	51	46	49	00:00.13	00:00.13	00:00.13	00:00.12	123	130	130	116
6	0:00:00.37	0:00:02.24	6	162	162	161	3	73,534	75,037	8	46,690	144	144	140	444	518	528	474	76	81	00:48.95	00:47.96	1282	1495	1355	13,57	14,34	475	3,0	1990	12,7	51	51	49	49	00:00.13	00:00.13	00:00.10	00:00.11	123	129	100	114
7	0:00:00.38	0:00:02.62	7	158	162	160	3	73,609	74,830	8	54,459	145	145	141	457	518	542	472	78	80	00:48.90	00:48.09	1286	1495	1345	13,61	14,24	490	3,5	2050	14,8	51	51	49	49	00:00.15	00:00.13	00:00.11	00:00.11	142	131	104	112
8	0:00:00.37	0:00:02.99	8	162	162	161	3	73,332	74,644	8	61,996	146	146	141	441	518	523	468	75	80	00:49.09	00:48.21	1273	1495	1336	13,47	14,14	472	4,0	1976	16,7	49	51	51	49	00:00.11	00:00.13	00:00.11	00:00.11	110	128	104	111
9	0:00:00.38	0:00:03.37	9	158	162	160	3	72,245	74,374	8	69,622	147	147	142	435	518	513	464	74	79	00:49.83	00:48.38	1222	1495	1323	12,93	14,00	467	4,5	1953	18,7	51	51	49	49	00:00.10	00:00.13	00:00.12	00:00.11	95	125	114	111
10	0:00:00.38	0:00:03.75	10	158	162	160	3	71,508	74,083	8	77,170	148	148	143	423	518	482	460	72	78	00:50.34	00:48.57	1189	1495	1310	12,58	13,86	454	4,9	1902	20,6	50	51	50	49	00:00.10	00:00.12	00:00.10	00:00.11	95	122	95	110
11	0:00:00.38	0:00:04.13	11	158	162	160	3	71,848	73,878	8	84,754	150	150	143	428	518	515	457	73	78	00:50.10	00:48.70	1204	1495	1300	12,74	13,76	460	5,4	1926	22,5	51	51	49	49	00:00.10	00:00.12	00:00.11	00:00.11	95	119	104	109
12	0:00:00.38	0:00:04.51	12	158	162	160	3	70,790	73,618	7	92,226	151	151	144	412	518	488	453	70	77	00:50.85	00:48.87	1157	1495	1288	12,24	13,63	443	5,8	1854	24,4	51	51	49	49	00:00.10	00:00.12	00:00.11	00:00.11	95	117	104	109
13	0:00:00.39	0:00:04.90	13	154	162	159	3	69,940	73,325	8	99,803	151	151	144	409	518	480	450	69	76	00:51.47	00:49.06	1120	1495	1275	11,85	13,49	441	6,3	1845	26,2	49	51	51	49	00:00.10	00:00.12	00:00.11	00:00.11	95	115	99	108
14	0:00:00.39	0:00:05.29	14	154	162	159	3	69,210	73,022	7	107,301	155	155	145	397	518	484	446	68	76	00:52.01	00:49.26	1088	1495	1261	11,52	13,34	429	6,7	1796	28,0	50	51	50	49	00:00.10	00:00.11	00:00.11	00:00.11	95	114	99	107
15	0:00:00.39	0:00:05.68	15	154	162	158	3	68,925	72,740	7	114,768	155	155	146	393	518	487	442	67	75	00:52.23	00:49.44	1076	1495	1248	11,39	13,21	424	7,1	1777	29,8	50	51	50	49	00:00.10	00:00.11	00:00.12	00:00.11	95	113	108	107
16	0:00:00.40	0:00:06.08	16	150	162	158	3	67,961	72,426	8	122,319	159	159	146	388	518	454	439	66	75	00:52.97	00:49.65	1036	1495	1234	10,96	13,06	420	7,5	1758	31,5	50	51	50	49	00:00.11	00:00.11	00:00.10	00:00.11	99	112	90	106
17	0:00:00.40	0:00:06.48	17	150	162	157	3	67,499	72,122	7	129,819	159	159	147	381	518	464	435	65	74	00:53.33	00:49.85	1017	1495	1221	10,76	12,92	413	7,9	1728	33,3	51	51	49	49	00:00.10	00:00.11	00:00.10	00:00.11	90	110	90	105
18	0:00:00.40	0:00:06.88	18	150	162	157	3	67,208	71,836	7	137,287	159	159	148	376	518	445	432	64	73	00:53.56	00:50.04	1005	1495	1208	10,64	12,79	408	8,4	1709	35,0	50	51	50	49	00:00.10	00:00.11	00:00.10	00:00.11	90	109	90	104
19	0:00:00.40	0:00:07.28	19	150	162	157	3	66,652	71,551	7	144,692	161	161	149	368	518	450	428	63	73	00:54.01	00:50.23	983	1495	1196	10,40	12,65	400	8,8	1673	36,7	49	50	51	50	00:00.10	00:00.11	00:00.11	00:00.11	90	108	99	104
20	0:00:00.41	0:00:07.69	20	146	162	156	3	66,059	71,258	8	152,216	162	162	149	368	518	454	425	63	72	00:54.49	00:50.43	959	1495	1183	10,15	12,52	400	9,2	1676	38,3	52	51	48	49	00:00.11	00:00.11	00:00.11	00:00.11	94	107	99	104
21	0:00:00.41	0:00:08.10	21	146	162	156	3	65,899	70,987	8	159,721	162	162	150	366	518	438	422	62	72	00:54.62	00:50.61	953	1495	1172	10,08	12,40	398	9,6	1666	40,0	52	51	48	49	00:00.11	00:00.11	00:00.11	00:00.11	94	107	99	104
22	0:00:00.42	0:00:08.52	22	143	162	155	3	64,503	70,667	8	167,246	163	163	150	354	518	409	419	60	71	00:55.81	00:50.83	899	1495	1158	9,52	12,26	386	9,9	1617	41,6	51	51	49	49	00:00.11	00:00.11	00:00.11	00:00.11	94	106	94	103
23	0:00:00.42	0:00:08.94	23	143	162	154	3	64,605	70,383	8	174,783	164	164	151	355	518	417	416	60	71	00:55.72	00:51.02	903	1495	1146	9,56	12,13	388	10,3	1623	43,2	51	51	49	49	00:00.10	00:00.11	00:00.11	00:00.11	86	105	94	103
24	0:00:00.42	0:00:09.36	24	143	162	154	3	63,669	70,081	7	182,211	165	165	152	341	518	405	412	58	70	00:56.54	00:51.23	868	1495	1134	9,19	12,00	374	10,7	1564	44,8	51	51	49	49	00:00.10	00:00.11	00:00.10	00:00.11	86	104	86	102
25	0:00:00.42	0:00:09.78	25	143	162	153	3	64,061	69,823	7	189,685	166	166	152	347	518	438	409	59	70	00:56.19	00:51.41	883	1495	1123	9,34	11,88	379	11,1	1589	46,4	50	51	50	49	00:00.10	00:00.11	00:00.11	00:00.11	86	103	94	102
26	0:00:00.42	0:00:10.20	26	143	162	153	3	64,022	69,584	7	197,154	168	168	153	347	518	420	407	59	69	00:56.23	00:51.58	881	1495	1113	9,33	11,78	379	11,5	1586	48,0	51	51	49	49	00:00.11	00:00.11	00:00.12	00:00.11	94	103	103	102
27	0:00:00.43	0:00:10.63	27	140	162	152	2	63,131	69,323	8	204,695	169	169	154	342	518	414	404	58	69	00:57.02	00:51.76	849	1495	1102	8,98	11,66	374	11,8	1568	49,5	51	51	49	49	00:00.11	00:00.11	00:00.11	00:00.11	90	103	94	101
28	0:00:00.43	0:00:11.06	28	140	162	152	2	62,782	69,069	7	212,194	170	170	154	337	518	409	402	57	68	00:57.34	00:51.94	836	1495	1092	8,85	11,55	369	12,2	1546	51,1	51	51	49	49	00:00.11	00:00.11	00:00.12	00:00.11	90	102	103	101
29	0:00:00.43	0:00:11.49	29	140	162	151	2	62,379	68,818	7	219,645	170	170	155	331	518	390	399	56	68	00:57.71	00:52.12	821	1495	1082	8,69	11,45	363	12,6	1521	52,6	52	51	48	49	00:00.12	00:00.11	00:00.11	00:00.11	98	102	94	101
30	0:00:00.44	0:00:11.93	30	136	162	151	2	61,974	68,566	8	227,220	172	172	155	332	518	436	396	57	67	00:58.08	00:52.31	807	1495	1072	8,54	11,34	366	12,9	1531	54,1	49	51	51	49	00:00.11	00:00.11	00:00.12	00:00.11	90	101	98	101
31	0:00:00.43	0:00:12.36	31	140	162	150	2	62,619	68,359	7	234,699	173	173	156	334	518	417	394	57	67	00:57.49	00:52.46	830	1495	1063	8,78	11,25	367	13,3	1536	55,7	51	51	49	49	00:00.12	00:00.11	00:00.12	00:00.11	98	101	103	101
32	0:00:00.44	0:00:12.80	32	136	162	150	2	61,691	68,130	8	242,239	174	174	157	328	518	402	392	56	67	00:58.35	00:52.63	797	1495	1054	8,44	11,15	362	13,7	1514	57,2	48	51	52	49	00:00.11	00:00.11	00:00.11	00:00.11	90	101	90	101
33	0:00:00.44	0:00:13.24	33	136	162	150	2	61,665	67,915	8	249,776	174	174	157	328	518	410	390	56	66	00:58.37	00:52.78	796	1495	1046	8,43	11,06	361	14,0	1512	58,7	50	51	50	49	00:00.11	00:00.11	00:00.11	00:00.11	90	101	90	100
34	0:00:00.44	0:00:13.68	34	136	162	149	2	61,571	67,711	8	257,301	174	174	158	327	518	393	388	56	66	00:58.46	00:52.94	793	1495	1037	8,39	10,98	360	14,4	1507	60,2	50	51	50	49	00:00.12	00:00.11	00:00.12	00:00.11	98	100	98	100
35	0:00:00.44	0:00:14.12	35	136	162	149	2	60,640	67,491	7	264,713	176	176	158	313	518	382	386	53	66	00:59.36	00:53.10	761	1495	1029	8,05	10,89	346	14,7	1450	61,7	50	50	50	50	00:00.12	00:00.11	00:00.11	00:00.11	98	100	90	100
36	0:00:00.45	0:00:14.57	36	133	162	148	2	60,777	67,283	8	272,310	176	176	159	323	518	390	384	55	65	00:59.23	00:53.26	766	1495	1021	8,10	10,80	356	15,1	1492	63,2	49	50	51	50	00:00.12	00:00.11	00:00.12	00:00.11	98	100	94	100
37	0:00:00.44	0:00:15.01	37	136	162	148	2	60,762	67,092	7	279,737	177	177	159	315	518	388	382	54	65	00:59.24	00:53.40	765	1495	1013	8,10	10,72	348	15,4	1458	64,6	50	50	50	50	00:00.11	00:00.11	00:00.12	00:00.11	90	100	98	100
38	0:00:00.45	0:00:15.46	38	133	162	147	2	60,227	66,892	8	287,265	178	178	160	315	518	382	380	53	65	00:59.77	00:53.55	747	1495	1005	7,90	10,64	348	15,8	1458	66,1	52	50	48	50	00:00.13	00:00.11	00:00.12	00:00.11	102	100	98	100
39	0:00:00.45	0:00:15.91	39	133	162	147	2	59,846	66,693	7	294,746	178	178	160	309	518	378	378	53	64	01:00.15	00:53.71	734	1495	998	7,77	10,56	343	16,1	1435	67,5	50	50	50	50	00:00.12	00:00.11	00:00.13	00:00.11	98	100	102	100
40	0:00:00.45	0:00:16.36	40	133	162	147	2	60,095	66,511	8	302,257	178	178	161	313	518	390	376	53	64	00:59.90	00:53.85	743	1495	991	7,86	10,48	346	16,5	1450	69,0	52	50	48	50	00:00.13	00:00.11	00:00.12	00:00.11	102	100	98	100
41	0:00:00.45	0:00:16.81	41	133	162	146	2	59,224	66,316	7	309,660	179	179	161	301	518	374	374	51	64	01:00.78	00:54.00	714	1495	983	7,55	10,41	334	16,8	1398	70,4	52	51	48	49	00:00.13	00:00.11	00:00.12	00:00.11	102	100	98	100
42	0:00:00.46	0:00:17.27	42	130	162	146	2	59,986	66,148	8	317,325	179	179	162	318	518	384	372	54	63	01:00.01	00:54.13	739	1495	977	7,82	10,34	352	17,2	1476	71,8	51	51	49	49	00:00.13	00:00.11	00:00.12	00:00.11	102	100	94	100
43	0:00:00.45	0:00:17.72	43	133	162	146	2	59,001	65,966	7	324,700	180	180	162	298	518	388	370	51	63	01:01.01	00:54.27	707	1495	970	7,48	10,26	331	17,5	1385	73,2	50	51	50	49	00:00.12	00:00.11	00:00.11	00:00.11	94	100	90	99
44	0:00:00.46	0:00:18.18	44	130	162	145	2	59,260	65,797	8	332,272	181	181	163	308	518	384	369	52	63	01:00.74	00:54.40	715	1495	964	7,57	10,20	342	17,8	1432	74,6	50	50	50	50	00:00.12	00:00.11	00:00.13	00:00.11	94	100	102	99
45	0:00:00.46	0:00:18.64	45	130	162	145	2	57,929	65,602	7	339,675	181	181	163	290	518	357	367	49	62	01:02.14	00:54.55	672	1495	956	7,11	10,12	323	18,2	1353	76,0	49	50	51	50	00:00.13	00:00.11	00:00.12	00:00.11	102	100	94	99
46	0:00:00.46	0:00:19.10	46	130	162	145	2	57,844	65,416	7	347,066	181	181	163	288	518	364	365	49	62	01:02.23	00:54.70	670	1495	949	7,09	10,05	322	18,5	1348	77,3	51	50	49	50	00:00.12	00:00.11	00:00.13	00:00.11	94	100	102	99
47	0:00:00.47	0:00:19.57	47	128	162	144	2	57,291	65,220	7	354,545	181	181	164	287	518	395	363	49	62	01:02.83	00:54.85	652	1495	942	6,90	9,97	321	18,8	1345	78,7	50	50	50	50	00:00.13	00:00.11	00:00.13	00:00.11	98	100	102	99
48	0:00:00.47	0:00:20.04	48	128	162	144	2	57,837	65,047	8	362,096	181	181	164	295	518	387	362	50	61	01:02.24	00:54.99	669	1495	936	7,08	9,90	329	19,1	1377	80,1	49	50	51	50	00:00.12	00:00.11	00:00.12	00:00.11	90	99	94	99
49	0:00:00.47	0:00:20.51	49	128	162	143	2	57,288	64,869	7	369,576	182	182	165	287	518	349	360	49	61	01:02.84	00:55.13	652	1495	929	6,90	9,83	321	19,4	1345	81,4	49	50	51	50	00:00.12	00:00.11	00:00.12	00:00.11	94	99	90	99
50	0:00:00.47	0:00:20.98	50	128	162	143	2	56,769	64,688	7	376,987	182	182	165	280	518	364	358	48	61	01:03.41	00:55.28	637	1495	923	6,74	9,77	314	19,8	1315	82,7	48	50	52	50	00:00.12	00:00.11	00:00.12	00:00.11	94	99	90	99
51	0:00:00.47	0:00:21.45	51	128	162	143	2	56,783	64,515	7	384,400	182	182	165	280	518	361	356	48	61	01:03.39	00:55.42	637	1495	917	6,74	9,70	314	20,1	1316	84,0	49	50	51	50	00:00.13	00:00.11	00:00.12	00:00.11	102	99	90	99
52	0:00:00.48	0:00:21.93	52	125	162	142	2	56,171	64,332	7	391,890	182	182	166	278	518	361	355	47	60	01:04.09	00:55.56	619	1495	910	6,55	9,63	313	20,4	1309	85,4	50	50	50	50	00:00.12	00:00.11	00:00.12	00:00.11	90	99	90	98
53	0:00:00.47	0:00:22.40	53	128	162	142	2	56,581	64,169	7	399,277	182	182	166	278	518	361	353	47	60	01:03.62	00:55.70	631	1495	904	6,68	9,57	312	20,7	1305	86,7	51	50	49	50	00:00.12	00:00.11	00:00.12	00:00.11	90	99	94	98
54	0:00:00.49	0:00:22.89	54	122	162	142	2	55,050	63,974	7	406,770	182	182	166	269	518	357	351	46	60	01:05.39	00:55.85	586	1495	897	6,20	9,50	304	21,0	1272	87,9	49	50	51	50	00:00.14	00:00.11	00:00.12	00:00.11	101	99	90	98
55	0:00:00.48	0:00:23.37	55	125	162	141	2	55,821	63,807	7	414,212	182	182	167	273	518	379	350	46	59	01:04.49	00:55.99	608	1495	891	6,44	9,43	308	21,3	1289	89,2	53	50	47	50	00:00.13	00:00.11	00:00.12	00:00.11	98	99	90	98
56	0:00:00.48	0:00:23.85	56	125	162	141	2	55,169	63,633	7	421,568	183	183	167	265	518	340	348	45	59	01:05.25	00:56.13	589	1495	885	6,23	9,37	299	21,6	1252	90,5	50	50	50	50	00:00.12	00:00.11	00:00.12	00:00.11	90	99	90	98
57	0:00:00.49	0:00:24.34	57	122	162	141	2	54,586	63,451	7	428,998	183	183	167	263	518	343	346	45	59	01:05.95	00:56.28	572	1495	879	6,06	9,30	298	21,9	1246	91,7	50	50	50	50	00:00.13	00:00.11	00:00.13	00:00.11	98	99	94	98
58	0:00:00.49	0:00:24.83	58	122	162	140	2	54,147	63,267	7	436,368	183	183	168	257	518	336	344	44	59	01:06.48	00:56.43	560	1495	873	5,93	9,24	292	22,2	1222	92,9	48	50	52	50	00:00.12	00:00.11	00:00.13	00:00.11	90	99	94	98
59	0:00:00.49	0:00:25.32	59	122	162	140	2	53,387	63,076	7	443,635	183	183	168	247	518	323	343	42	58	01:07.43	00:56.58	539	1495	866	5,70	9,17	282	22,5	1180	94,1	51	50	49	50	00:00.13	00:00.11	00:00.12	00:00.11	94	98	90	97
60	0:00:00.50	0:00:25.82	60	120	162	139	2	54,046	62,901	8	451,141	183	183	168	261	518	348	341	44	58	01:06.61	00:56.73	557	1495	860	5,90	9,10	296	22,8	1241	95,4	49	50	51	50	00:00.14	00:00.11	00:00.14	00:00.11	101	98	101	98
61	0:00:00.50	0:00:26.32	61	120	162	139	2	53,655	62,725	7	458,593	183	183	169	256	518	349	339	43	58	01:07.09	00:56.88	546	1495	854	5,78	9,04	291	23,1	1219	96,6	47	50	53	50	00:00.14	00:00.11	00:00.14	00:00.11	101	99	101	98
62	0:00:00.50	0:00:26.82	62	120	162	139	2	52,446	62,534	7	465,877	183	183	169	240	518	291	338	41	57	01:08.64	00:57.03	514	1495	848	5,44	8,97	276	23,3	1154	97,7	51	50	49	50	00:00.13	00:00.11	00:00.13	00:00.11	94	98	94	98
63	0:00:00.51	0:00:27.33	63	118	162	138	2	52,528	62,347	7	473,319	183	183	169	246	518	324	336	42	57	01:08.53	00:57.19	516	1495	842	5,46	8,91	282	23,6	1181	98,9	52	50	48	50	00:00.14	00:00.11	00:00.13	00:00.11	97	98	94	97
64	0:00:00.51	0:00:27.84	64	118	162	138	2	52,052	62,159	7	480,693	182	183	169	240	518	313	334	41	57	01:09.16	00:57.34	503	1495	836	5,33	8,84	276	23,9	1156	100,1	48	50	52	50	00:00.14	00:00.11	00:00.14	00:00.11	101	98	97	97
65	0:00:00.51	0:00:28.35	65	118	162	138	2	51,724	61,971	7	488,020	183	183	170	236	518	307	332	40	56	01:09.60	00:57.50	495	1495	829	5,24	8,78	272	24,2	1138	101,2	50	50	50	50	00:00.14	00:00.11	00:00.13	00:00.11	101	98	90	97
66	0:00:00.51	0:00:28.86	66	118	162	137	2	52,287	61,800	7	495,428	183	183	170	243	518	328	331	41	56	01:08.85	00:57.65	510	1495	824	5,39	8,72	279	24,5	1168	102,4	51	50	49	50	00:00.13	00:00.11	00:00.13	00:00.11	90	98	94	97
67	0:00:00.52	0:00:29.38	67	115	162	137	2	50,859	61,606	7	502,774	183	183	170	230	518	316	329	39	56	01:10.78	00:57.81	473	1495	818	5,00	8,65	266	24,7	1115	103,5	47	50	53	50	00:00.15	00:00.12	00:00.14	00:00.11	104	98	97	97
