Index	Elapsed time [h:mm:ss.hh]	Elapsed time total [h:mm:ss.hh]	Turns number [Nr]	Cadence [rpm]	Cadence peak [rpm]	Cadence average [rpm]	Circ. pedal velocity [m/s]	Speed [km/h]	Avr speed [km/h]	Distance [m]	Distance total [m]	Heart rate [bpm]	Heart rate peak [bpm]	Heart rate average [bpm]	Force [N]	Force peak total [N]	Force peak [N]	Avr force [N]	Torque [Nm]	Avr torque [Nm]	Pace/1000m [sec]	Avr pace/1000m [sec]	Power [W]	Power peak/rev [W]	Avr power [W]	Power/Kg [W/Kg]	Avr power/Kg [W/Kg]	Calories [cal]	Calories total [Kcal]	Work [J]	Work total [KJ]	Left leg percent [%]	Total left leg percent [%]	Right leg percent [%]	Total right leg percent [%]	Left time to force peak [mm:ss:00]	Total left time to force peak [mm:ss:00]	Right time to force peak [mm:ss:00]	Total right time to force peak [mm:ss:00]	Left angle to force peak [0]	Total left angle to force peak [0]	Right angle to force peak [0]	Total right angle to force peak [0]
1	0:00:00.99	0:00:00.99	1	61	61	61	1	30,653	30,653	8	8,430	155	155	155	111	111	211	111	19	19	01:57.44	01:57.44	120	120	120	1,46	1,46	174	0,2	727	0,7	44	44	56	56	00:00.31	00:00.31	00:00.26	00:00.26	112	112	96	96
2	0:00:00.96	0:00:01.95	2	63	63	62	1	28,212	29,451	8	15,953	156	156	155	86	111	214	99	15	17	02:07.60	02:02.05	96	120	108	1,17	1,32	146	0,3	613	1,3	64	53	36	47	00:00.26	00:00.28	00:00.20	00:00.23	98	105	75	85
3	0:00:01.01	0:00:02.96	3	59	63	61	1	29,270	29,389	8	24,165	157	157	156	100	111	228	99	17	17	02:02.99	02:02.37	106	120	107	1,29	1,31	164	0,5	685	2,0	34	46	66	54	00:00.30	00:00.29	00:00.29	00:00.25	106	105	104	92
4	0:00:00.96	0:00:03.92	4	63	63	61	1	31,392	29,880	8	32,536	160	160	157	115	115	207	103	20	18	01:54.67	02:00.31	128	128	112	1,56	1,37	176	0,7	736	2,8	47	46	53	54	00:00.26	00:00.28	00:00.24	00:00.24	98	103	90	91
5	0:00:00.85	0:00:04.77	5	71	71	63	1	43,745	32,351	10	42,865	160	160	157	250	250	631	129	43	22	01:22.29	01:48.58	314	314	148	3,83	1,81	307	1,0	1285	4,0	29	40	71	60	00:00.30	00:00.28	00:00.22	00:00.24	117	106	102	93
6	0:00:00.69	0:00:05.46	6	87	87	66	2	49,301	34,493	9	52,314	161	161	158	281	281	650	149	48	25	01:13.02	01:40.18	435	435	185	5,30	2,25	328	1,3	1374	5,4	37	40	63	60	00:00.22	00:00.27	00:00.21	00:00.23	110	106	115	96
7	0:00:00.53	0:00:05.99	7	113	113	70	2	71,316	37,751	10	62,813	161	161	158	586	586	927	187	100	32	00:50.47	01:26.73	1180	1180	273	14,39	3,33	629	1,9	2635	8,1	48	42	52	58	00:00.19	00:00.26	00:00.17	00:00.22	122	108	122	98
8	0:00:00.44	0:00:06.43	8	136	136	75	2	75,854	40,358	9	72,084	162	162	158	574	586	824	214	98	36	00:47.45	01:19.14	1395	1395	349	17,01	4,26	613	2,5	2565	10,6	54	44	46	56	00:00.16	00:00.25	00:00.14	00:00.21	125	109	120	99
9	0:00:00.41	0:00:06.84	9	146	146	79	3	75,316	42,454	9	80,662	162	162	159	525	586	769	232	89	40	00:47.79	01:14.57	1368	1395	411	16,68	5,01	560	3,1	2346	13,0	54	45	46	55	00:00.15	00:00.23	00:00.15	00:00.20	129	110	135	102
10	0:00:00.38	0:00:07.22	10	158	158	83	3	75,172	44,176	8	88,597	162	162	159	484	586	687	246	82	42	00:47.89	01:11.46	1361	1395	461	16,60	5,62	517	3,6	2164	15,1	51	46	49	54	00:00.14	00:00.22	00:00.15	00:00.20	133	111	142	104
11	0:00:00.38	0:00:07.60	11	158	158	87	3	75,969	45,765	8	96,615	164	164	159	498	586	671	258	85	44	00:47.38	01:08.94	1400	1400	508	17,08	6,19	531	4,1	2224	17,4	50	46	50	54	00:00.15	00:00.22	00:00.16	00:00.19	142	113	152	106
12	0:00:00.37	0:00:07.97	12	162	162	90	3	74,694	47,108	8	104,292	164	164	159	463	586	581	268	79	46	00:48.19	01:07.10	1338	1400	546	16,31	6,66	495	4,6	2072	19,4	50	47	50	53	00:00.15	00:00.21	00:00.15	00:00.19	150	115	142	108
13	0:00:00.36	0:00:08.33	13	167	167	94	3	75,025	48,315	8	111,795	165	165	159	456	586	646	276	78	47	00:47.98	01:05.59	1354	1400	581	16,51	7,09	487	5,1	2040	21,5	49	47	51	53	00:00.14	00:00.21	00:00.15	00:00.19	140	116	150	110
14	0:00:00.37	0:00:08.70	14	162	167	97	3	72,013	49,323	7	119,196	165	165	160	420	586	569	282	71	48	00:49.99	01:04.50	1212	1400	608	14,78	7,41	450	5,6	1886	23,4	56	48	44	52	00:00.00	00:00.19	00:00.00	00:00.17	0	111	0	105
15	0:00:00.37	0:00:09.07	15	162	167	99	3	70,191	50,174	7	126,410	166	166	160	392	586	552	287	67	49	00:51.28	01:03.68	1130	1400	629	13,79	7,67	422	6,0	1766	25,1	51	48	49	52	00:00.12	00:00.19	00:00.10	00:00.17	114	111	100	105
16	0:00:00.38	0:00:09.45	16	158	167	102	3	70,217	50,980	7	133,822	167	167	160	403	586	526	291	68	49	00:51.26	01:02.94	1132	1400	649	13,80	7,92	434	6,4	1815	26,9	52	48	48	52	00:00.12	00:00.18	00:00.15	00:00.17	114	111	142	107
17	0:00:00.37	0:00:09.82	17	162	167	104	3	72,757	51,800	7	141,300	167	167	160	432	586	543	296	73	50	00:49.47	01:02.16	1246	1400	672	15,19	8,19	463	6,9	1937	28,9	53	48	47	52	00:00.15	00:00.18	00:00.16	00:00.17	142	112	160	109
18	0:00:00.38	0:00:10.20	18	158	167	106	3	72,137	52,558	8	148,914	167	167	161	433	586	594	302	74	51	00:49.90	01:01.48	1217	1400	692	14,85	8,44	465	7,4	1946	30,8	52	48	48	52	00:00.17	00:00.18	00:00.00	00:00.16	161	114	0	104
19	0:00:00.37	0:00:10.57	19	162	167	108	3	70,950	53,202	7	156,206	167	167	161	403	586	546	305	69	52	00:50.73	01:00.94	1164	1400	709	14,19	8,64	434	7,8	1815	32,6	51	49	49	51	00:00.16	00:00.18	00:00.16	00:00.16	152	115	160	106
20	0:00:00.38	0:00:10.95	20	158	167	110	3	70,477	53,801	7	163,646	169	169	161	407	586	548	309	69	52	00:51.08	01:00.47	1143	1400	724	13,94	8,83	438	8,2	1833	34,5	50	49	50	51	00:00.17	00:00.18	00:00.17	00:00.16	161	117	161	108
21	0:00:00.38	0:00:11.33	21	158	167	111	3	69,160	54,316	7	170,946	170	170	161	386	586	533	311	66	53	00:52.05	01:00.10	1086	1400	736	13,25	8,97	417	8,6	1746	36,2	51	49	49	51	00:00.18	00:00.18	00:00.18	00:00.16	171	119	171	110
22	0:00:00.39	0:00:11.72	22	154	167	113	3	67,318	54,749	7	178,239	170	170	162	369	586	501	313	63	53	00:53.47	00:59.83	1010	1400	745	12,31	9,09	400	9,0	1673	37,9	54	49	46	51	00:00.00	00:00.17	00:00.16	00:00.16	0	115	152	112
23	0:00:00.39	0:00:12.11	23	154	167	114	3	66,900	55,140	7	185,486	170	170	162	362	586	494	315	62	54	00:53.81	00:59.59	993	1400	753	12,11	9,18	393	9,4	1647	39,5	49	49	51	51	00:00.17	00:00.17	00:00.17	00:00.16	161	116	153	113
24	0:00:00.39	0:00:12.50	24	154	167	115	3	66,819	55,505	7	192,725	171	171	162	361	586	484	316	61	54	00:53.87	00:59.38	989	1400	760	12,07	9,27	392	9,8	1642	41,2	53	49	47	51	00:00.17	00:00.17	00:00.17	00:00.16	153	117	161	115
25	0:00:00.41	0:00:12.91	25	146	167	116	3	64,353	55,786	7	200,054	171	171	163	343	586	447	317	58	54	00:55.94	00:59.26	894	1400	765	10,90	9,32	375	10,2	1569	42,7	49	49	51	51	00:00.00	00:00.16	00:00.00	00:00.15	0	114	0	111
26	0:00:00.40	0:00:13.31	26	150	167	117	3	65,756	56,085	7	207,360	173	173	163	355	586	489	318	60	54	00:54.74	00:59.10	947	1400	770	11,55	9,39	386	10,6	1617	44,4	52	49	48	51	00:00.17	00:00.16	00:00.17	00:00.15	153	115	153	112
27	0:00:00.41	0:00:13.72	27	146	167	118	3	63,273	56,300	7	214,566	173	173	163	328	586	447	318	56	54	00:56.89	00:59.03	854	1400	773	10,41	9,42	359	11,0	1503	45,9	49	49	51	51	00:00.18	00:00.16	00:00.00	00:00.15	162	116	0	109
28	0:00:00.41	0:00:14.13	28	146	167	119	3	63,573	56,511	7	221,807	174	174	163	332	586	443	319	56	54	00:56.62	00:58.95	865	1400	775	10,55	9,45	363	11,3	1521	47,4	53	49	47	51	00:00.18	00:00.16	00:00.18	00:00.15	154	117	162	110
29	0:00:00.43	0:00:14.56	29	140	167	120	2	61,871	56,670	7	229,197	174	174	164	323	586	431	319	55	54	00:58.18	00:58.93	803	1400	776	9,80	9,46	356	11,7	1490	48,9	49	49	51	51	00:00.19	00:00.16	00:00.00	00:00.14	163	119	0	107
30	0:00:00.42	0:00:14.98	30	143	167	120	3	63,017	56,847	7	236,549	173	174	164	332	586	452	319	56	54	00:57.12	00:58.88	844	1400	778	10,30	9,49	364	12,0	1524	50,4	51	49	49	51	00:00.18	00:00.16	00:00.19	00:00.14	154	120	163	108
31	0:00:00.43	0:00:15.41	31	140	167	121	2	60,645	56,953	7	243,792	172	174	164	306	586	412	319	52	54	00:59.36	00:58.89	761	1400	778	9,28	9,48	339	12,4	1418	51,8	50	49	50	51	00:00.19	00:00.16	00:00.19	00:00.14	163	121	155	110
32	0:00:00.43	0:00:15.84	32	140	167	121	2	61,180	57,068	7	251,100	173	174	164	314	586	421	319	53	54	00:58.84	00:58.89	779	1400	778	9,51	9,48	346	12,7	1449	53,3	49	49	51	51	00:00.18	00:00.16	00:00.19	00:00.15	154	122	155	111
33	0:00:00.44	0:00:16.28	33	136	167	122	2	60,609	57,164	7	258,508	173	174	165	313	586	453	319	53	54	00:59.39	00:58.90	760	1400	777	9,27	9,48	346	13,1	1448	54,7	51	49	49	51	00:00.19	00:00.16	00:00.19	00:00.15	155	122	155	112
34	0:00:00.44	0:00:16.72	34	136	167	122	2	60,374	57,248	7	265,887	174	174	165	310	586	423	318	53	54	00:59.62	00:58.92	752	1400	776	9,17	9,47	343	13,4	1434	56,1	51	49	49	51	00:00.19	00:00.17	00:00.19	00:00.15	155	123	155	113
35	0:00:00.44	0:00:17.16	35	136	167	122	2	59,360	57,303	7	273,142	175	175	165	296	586	391	318	50	54	01:00.64	00:58.96	718	1400	775	8,76	9,45	328	13,7	1375	57,5	51	49	49	51	00:00.19	00:00.17	00:00.19	00:00.15	155	124	155	114
36	0:00:00.45	0:00:17.61	36	133	167	123	2	59,705	57,364	7	280,605	175	175	165	307	586	445	318	52	54	01:00.29	00:59.00	730	1400	774	8,90	9,44	341	14,1	1427	58,9	54	50	46	50	00:00.19	00:00.17	00:00.19	00:00.15	149	125	155	116
37	0:00:00.45	0:00:18.06	37	133	167	123	2	58,740	57,398	7	287,948	175	175	166	294	586	434	317	50	54	01:01.28	00:59.05	698	1400	772	8,51	9,41	327	14,4	1370	60,3	52	50	48	50	00:00.20	00:00.17	00:00.19	00:00.15	157	126	155	117
38	0:00:00.45	0:00:18.51	38	133	167	123	2	58,951	57,436	7	295,317	176	176	166	297	586	409	317	50	54	01:01.06	00:59.09	705	1400	770	8,60	9,39	330	14,7	1382	61,7	53	50	47	50	00:00.20	00:00.17	00:00.19	00:00.15	157	126	155	117
39	0:00:00.46	0:00:18.97	39	130	167	123	2	59,092	57,476	8	302,867	176	176	166	306	586	468	316	52	54	01:00.92	00:59.14	709	1400	769	8,65	9,38	340	15,1	1422	63,1	51	50	49	50	00:00.20	00:00.17	00:00.20	00:00.15	157	127	157	118
40	0:00:00.46	0:00:19.43	40	130	167	124	2	56,823	57,461	7	310,128	178	178	166	275	586	449	315	47	54	01:03.35	00:59.22	638	1400	766	7,78	9,34	308	15,4	1290	64,4	48	50	52	50	00:00.00	00:00.16	00:00.19	00:00.15	0	124	149	119
41	0:00:00.46	0:00:19.89	41	130	167	124	2	57,864	57,470	7	317,522	178	178	167	289	586	420	315	49	53	01:02.21	00:59.29	670	1400	763	8,17	9,31	322	15,7	1350	65,8	54	50	46	50	00:00.20	00:00.17	00:00.20	00:00.16	157	125	157	120
42	0:00:00.46	0:00:20.35	42	130	167	124	2	58,392	57,491	7	324,983	178	178	167	296	586	453	314	50	53	01:01.65	00:59.34	687	1400	762	8,38	9,29	330	16,0	1380	67,1	53	50	47	50	00:00.19	00:00.17	00:00.20	00:00.16	149	125	157	121
43	0:00:00.47	0:00:20.82	43	128	167	124	2	57,285	57,486	7	332,462	180	180	167	287	586	447	314	49	53	01:02.84	00:59.41	652	1400	759	7,95	9,26	321	16,4	1345	68,5	52	50	48	50	00:00.20	00:00.17	00:00.20	00:00.16	150	126	157	122
44	0:00:00.47	0:00:21.29	44	128	167	124	2	57,565	57,488	8	339,977	180	180	168	291	586	431	313	49	53	01:02.53	00:59.47	661	1400	757	8,06	9,23	325	16,7	1361	69,8	51	50	49	50	00:00.20	00:00.17	00:00.21	00:00.16	157	127	158	122
45	0:00:00.47	0:00:21.76	45	128	167	124	2	57,173	57,481	7	347,441	182	182	168	286	586	412	313	49	53	01:02.96	00:59.54	649	1400	755	7,91	9,20	320	17,0	1339	71,2	50	50	50	50	00:00.20	00:00.17	00:00.20	00:00.16	157	127	150	123
46	0:00:00.46	0:00:22.22	46	130	167	124	2	57,461	57,481	7	354,784	183	183	168	283	586	439	312	48	53	01:02.65	00:59.60	658	1400	753	8,02	9,18	317	17,3	1326	72,5	53	50	47	50	00:00.19	00:00.17	00:00.20	00:00.16	149	128	157	124
47	0:00:00.48	0:00:22.70	47	125	167	124	2	57,105	57,473	8	362,398	183	183	168	291	586	427	311	49	53	01:03.04	00:59.66	647	1400	751	7,89	9,15	326	17,6	1363	73,9	51	50	49	50	00:00.21	00:00.17	00:00.21	00:00.16	158	128	158	124
48	0:00:00.47	0:00:23.17	48	128	167	124	2	57,006	57,463	7	369,840	183	183	169	283	586	428	311	48	53	01:03.15	00:59.73	644	1400	748	7,85	9,13	317	18,0	1329	75,2	51	50	49	50	00:00.19	00:00.17	00:00.20	00:00.16	149	129	150	125
49	0:00:00.47	0:00:23.64	49	128	167	124	2	56,027	57,435	7	377,155	181	183	169	270	586	464	310	46	53	01:04.25	00:59.81	614	1400	746	7,49	9,09	304	18,3	1274	76,5	50	50	50	50	00:00.20	00:00.17	00:00.21	00:00.16	157	129	158	126
50	0:00:00.48	0:00:24.12	50	125	167	124	2	56,960	57,425	8	384,749	180	183	169	289	586	447	310	49	53	01:03.20	00:59.87	642	1400	744	7,83	9,07	324	18,6	1355	77,8	51	50	49	50	00:00.19	00:00.17	00:00.20	00:00.16	143	129	150	126
51	0:00:00.47	0:00:24.59	51	128	167	124	2	55,330	57,385	7	391,973	180	183	169	261	586	416	309	44	52	01:05.06	00:59.95	594	1400	741	7,24	9,03	295	18,9	1235	79,1	52	50	48	50	00:00.20	00:00.17	00:00.21	00:00.16	157	130	158	127
52	0:00:00.48	0:00:25.07	52	125	167	124	2	56,020	57,359	7	399,442	180	183	170	276	586	434	308	47	52	01:04.26	01:00.03	614	1400	738	7,49	9,00	311	19,2	1300	80,4	52	50	48	50	00:00.20	00:00.17	00:00.21	00:00.16	150	130	158	127
53	0:00:00.49	0:00:25.56	53	122	167	124	2	55,798	57,329	8	407,037	180	183	170	279	586	459	308	47	52	01:04.51	01:00.10	607	1400	736	7,41	8,97	314	19,5	1315	81,7	55	50	45	50	00:00.21	00:00.17	00:00.20	00:00.17	151	131	150	128
54	0:00:00.48	0:00:26.04	54	125	167	124	2	55,989	57,304	7	414,502	181	183	170	276	586	414	307	47	52	01:04.29	01:00.17	613	1400	734	7,48	8,95	310	19,8	1299	83,0	54	50	46	50	00:00.20	00:00.17	00:00.20	00:00.17	150	131	150	128
55	0:00:00.48	0:00:26.52	55	125	167	124	2	56,302	57,286	8	422,009	182	183	170	280	586	466	306	48	52	01:03.94	01:00.23	622	1400	732	7,59	8,92	314	20,1	1316	84,3	51	50	49	50	00:00.20	00:00.17	00:00.20	00:00.17	150	131	150	129
56	0:00:00.49	0:00:27.01	56	122	167	124	2	52,557	57,201	7	429,163	183	183	170	237	586	428	305	40	52	01:08.49	01:00.35	517	1400	728	6,30	8,87	271	20,4	1137	85,4	52	50	48	50	00:00.21	00:00.17	00:00.22	00:00.17	158	132	158	129
57	0:00:00.49	0:00:27.50	57	122	167	124	2	55,424	57,169	8	436,707	184	184	171	274	586	384	305	47	52	01:04.95	01:00.42	597	1400	725	7,27	8,85	309	20,7	1293	86,7	51	50	49	50	00:00.21	00:00.17	00:00.20	00:00.17	151	132	150	130
58	0:00:00.49	0:00:27.99	58	122	167	124	2	55,081	57,132	7	444,204	185	185	171	269	586	416	304	46	52	01:05.35	01:00.50	587	1400	723	7,15	8,82	304	21,0	1274	88,0	54	50	46	50	00:00.20	00:00.17	00:00.20	00:00.17	144	132	150	130
59	0:00:00.50	0:00:28.49	59	120	167	124	2	54,036	57,078	8	451,709	185	185	171	261	586	443	303	44	52	01:06.62	01:00.59	557	1400	720	6,79	8,78	296	21,3	1240	89,2	53	50	47	50	00:00.21	00:00.17	00:00.21	00:00.17	151	133	151	130
60	0:00:00.49	0:00:28.98	60	122	167	124	2	53,683	57,021	7	459,016	186	186	171	251	586	395	302	43	51	01:07.06	01:00.68	547	1400	717	6,67	8,74	286	21,6	1196	90,4	52	50	48	50	00:00.21	00:00.17	00:00.20	00:00.17	151	133	150	131
61	0:00:00.50	0:00:29.48	61	120	167	124	2	55,360	56,992	8	466,705	187	187	172	278	586	459	302	47	51	01:05.02	01:00.74	595	1400	715	7,25	8,72	314	21,9	1316	91,8	52	50	48	50	00:00.21	00:00.18	00:00.21	00:00.17	151	133	151	131
62	0:00:00.50	0:00:29.98	62	120	167	124	2	50,665	56,887	7	473,742	187	187	172	219	586	393	301	37	51	01:11.05	01:00.87	468	1400	711	5,71	8,67	254	22,2	1062	92,8	53	50	47	50	00:00.20	00:00.18	00:00.21	00:00.17	144	134	151	131
63	0:00:00.51	0:00:30.49	63	118	167	124	2	52,280	56,810	7	481,148	187	187	172	243	586	416	300	41	51	01:08.86	01:00.98	509	1400	707	6,21	8,63	279	22,4	1168	94,0	51	50	49	50	00:00.21	00:00.18	00:00.21	00:00.17	145	134	151	132
64	0:00:00.51	0:00:31.00	64	118	167	124	2	54,002	56,764	8	488,798	187	187	172	265	586	435	299	45	51	01:06.66	01:01.06	556	1400	705	6,78	8,60	302	22,7	1263	95,2	54	51	46	49	00:00.20	00:00.18	00:00.21	00:00.17	138	134	151	132
65	0:00:00.52	0:00:31.52	65	115	167	124	2	50,422	56,659	7	496,081	187	187	173	225	586	410	298	38	51	01:11.39	01:01.19	462	1400	701	5,63	8,55	261	23,0	1092	96,3	52	51	48	49	00:00.21	00:00.18	00:00.21	00:00.17	145	134	145	132
66	0:00:00.52	0:00:32.04	66	115	167	124	2	51,897	56,582	7	503,578	187	187	173	243	586	441	297	41	50	01:09.36	01:01.29	499	1400	698	6,09	8,51	279	23,3	1170	97,5	53	51	47	49	00:00.21	00:00.18	00:00.22	00:00.17	145	134	152	132
67	0:00:00.52	0:00:32.56	67	115	167	123	2	49,765	56,473	7	510,766	187	187	173	217	586	388	296	37	50	01:12.34	01:01.43	446	1400	694	5,44	8,46	253	23,5	1059	98,6	54	51	46	49	00:00.22	00:00.18	00:00.22	00:00.17	152	135	152	133
68	0:00:00.53	0:00:33.09	68	113	167	123	2	51,565	56,394	8	518,357	187	187	173	243	586	384	295	41	50	01:09.81	01:01.53	491	1400	690	5,98	8,42	281	23,8	1174	99,7	51	51	49	49	00:00.21	00:00.18	00:00.21	00:00.17	140	135	145	133
69	0:00:00.53	0:00:33.62	69	113	167	123	2	49,035	56,278	7	525,576	187	187	174	212	586	408	294	36	50	01:13.41	01:01.67	428	1400	686	5,22	8,37	249	24,1	1042	100,8	59	51	41	49	00:00.21	00:00.18	00:00.23	00:00.17	145	135	153	133
70	0:00:00.54	0:00:34.16	70	111	167	123	2	49,300	56,168	7	532,971	187	187	174	220	586	364	292	37	50	01:13.02	01:01.80	435	1400	682	5,30	8,32	257	24,3	1075	101,9	49	51	51	49	00:00.22	00:00.18	00:00.22	00:00.17	147	135	147	134
71	0:00:00.54	0:00:34.70	71	111	167	123	2	50,948	56,087	8	540,614	185	187	174	240	586	390	292	41	50	01:10.65	01:01.91	475	1400	679	5,79	8,28	278	24,6	1163	103,0	53	51	47	49	00:00.22	00:00.18	00:00.22	00:00.18	147	135	147	134
72	0:00:00.54	0:00:35.24	72	111	167	123	2	49,206	55,981	7	547,994	185	187	174	219	586	388	290	37	49	01:13.16	01:02.04	432	1400	675	5,27	8,24	256	24,9	1071	104,1	53	51	47	49	00:00.22	00:00.18	00:00.22	00:00.18	147	135	147	134
73	0:00:00.55	0:00:35.79	73	109	167	122	2	48,481	55,866	7	555,401	185	187	174	214	586	315	289	36	49	01:14.25	01:02.17	415	1400	671	5,06	8,19	251	25,1	1053	105,1	50	51	50	49	00:00.23	00:00.18	00:00.18	00:00.18	148	136	120	134
