Index	Elapsed time [h:mm:ss.hh]	Elapsed time total [h:mm:ss.hh]	Turns number [Nr]	Cadence [rpm]	Cadence peak [rpm]	Cadence average [rpm]	Circ. pedal velocity [m/s]	Speed [km/h]	Avr speed [km/h]	Distance [m]	Distance total [m]	Heart rate [bpm]	Heart rate peak [bpm]	Heart rate average [bpm]	Force [N]	Force peak total [N]	Force peak [N]	Avr force [N]	Torque [Nm]	Avr torque [Nm]	Pace/1000m [sec]	Avr pace/1000m [sec]	Power [W]	Power peak/rev [W]	Avr power [W]	Power/Kg [W/Kg]	Avr power/Kg [W/Kg]	Calories [cal]	Calories total [Kcal]	Work [J]	Work total [KJ]	Left leg percent [%]	Total left leg percent [%]	Right leg percent [%]	Total right leg percent [%]	Left time to force peak [mm:ss:00]	Total left time to force peak [mm:ss:00]	Right time to force peak [mm:ss:00]	Total right time to force peak [mm:ss:00]	Left angle to force peak [0]	Total left angle to force peak [0]	Right angle to force peak [0]	Total right angle to force peak [0]
1	0:00:00.43	0:00:00.43	1	140	140	140	2	75,080	75,080	9	8,968	141	141	141	546	546	923	546	93	93	00:47.94	00:47.94	1356	1356	1356	14,10	14,10	583	0,6	2441	2,4	54	54	46	46	00:00.16	00:00.16	00:00.16	00:00.16	131	131	137	137
2	0:00:00.41	0:00:00.84	2	146	146	143	3	75,464	75,267	9	17,562	142	142	141	528	546	796	537	90	91	00:47.70	00:47.82	1375	1375	1366	14,30	14,20	563	1,1	2358	4,8	55	54	45	46	00:00.16	00:00.16	00:00.16	00:00.16	137	134	144	140
3	0:00:00.40	0:00:01.24	3	150	150	145	3	73,784	74,789	8	25,761	143	143	142	485	546	710	520	82	88	00:48.79	00:48.13	1294	1375	1343	13,45	13,96	518	1,7	2171	7,0	54	54	46	46	00:00.16	00:00.16	00:00.16	00:00.16	144	137	144	142
4	0:00:00.39	0:00:01.63	4	154	154	147	3	74,209	74,650	8	33,800	143	143	142	480	546	681	511	82	87	00:48.51	00:48.22	1314	1375	1336	13,66	13,89	513	2,2	2148	9,1	50	53	50	47	00:00.14	00:00.15	00:00.15	00:00.15	133	136	135	140
5	0:00:00.39	0:00:02.02	5	154	154	149	3	73,158	74,362	8	41,725	144	144	142	462	546	666	501	78	85	00:49.20	00:48.40	1264	1375	1322	13,14	13,74	495	2,7	2070	11,2	50	53	50	47	00:00.15	00:00.15	00:00.16	00:00.15	142	137	144	141
6	0:00:00.39	0:00:02.41	6	154	154	149	3	72,962	74,135	8	49,629	144	144	142	458	546	619	494	78	84	00:49.34	00:48.55	1255	1375	1311	13,05	13,63	491	3,2	2056	13,2	54	53	46	47	00:00.17	00:00.15	00:00.14	00:00.15	153	140	133	140
7	0:00:00.39	0:00:02.80	7	154	154	150	3	72,789	73,948	8	57,515	145	145	143	455	546	596	489	77	83	00:49.45	00:48.67	1247	1375	1302	12,97	13,54	488	3,7	2044	15,3	54	53	46	47	00:00.13	00:00.15	00:00.14	00:00.15	117	137	133	139
8	0:00:00.40	0:00:03.20	8	150	154	150	3	71,806	73,680	8	65,493	146	146	143	450	546	656	484	77	82	00:50.13	00:48.84	1202	1375	1290	12,50	13,41	483	4,1	2024	17,3	54	53	46	47	00:00.14	00:00.15	00:00.16	00:00.15	126	135	144	139
9	0:00:00.39	0:00:03.59	9	154	154	150	3	71,535	73,447	8	73,243	147	147	144	434	546	634	479	74	81	00:50.32	00:49.00	1190	1375	1279	12,37	13,29	467	4,6	1954	19,3	51	53	49	47	00:00.17	00:00.15	00:00.00	00:00.13	161	138	0	124
10	0:00:00.40	0:00:03.99	10	150	154	150	3	71,955	73,297	8	81,238	147	147	144	453	546	584	476	77	81	00:50.03	00:49.10	1209	1375	1272	12,57	13,22	486	5,1	2035	21,3	54	53	46	47	00:00.16	00:00.15	00:00.00	00:00.12	144	139	0	111
11	0:00:00.40	0:00:04.39	11	150	154	150	3	71,216	73,108	8	89,151	148	148	144	440	546	601	473	75	80	00:50.55	00:49.22	1176	1375	1263	12,22	13,13	473	5,6	1982	23,3	52	53	48	47	00:00.12	00:00.15	00:00.15	00:00.12	108	136	135	113
12	0:00:00.40	0:00:04.79	12	150	154	150	3	69,484	72,805	8	96,871	148	148	144	412	546	604	468	70	80	00:51.81	00:49.42	1100	1375	1250	11,43	12,99	444	6,0	1860	25,1	52	53	48	47	00:00.17	00:00.15	00:00.18	00:00.13	153	137	162	117
13	0:00:00.40	0:00:05.19	13	150	154	150	3	69,676	72,564	8	104,613	150	150	145	415	546	533	464	71	79	00:51.66	00:49.58	1108	1375	1239	11,52	12,88	447	6,5	1874	27,0	52	53	48	47	00:00.12	00:00.15	00:00.13	00:00.13	108	135	117	117
14	0:00:00.41	0:00:05.60	14	146	154	150	3	69,029	72,305	8	112,475	151	151	145	415	546	582	460	71	78	00:52.15	00:49.75	1081	1375	1227	11,23	12,76	448	6,9	1875	28,9	54	53	46	47	00:00.13	00:00.14	00:00.14	00:00.13	111	133	126	118
15	0:00:00.41	0:00:06.01	15	146	154	150	3	67,745	71,994	8	120,190	152	152	146	394	546	606	456	67	77	00:53.14	00:49.96	1027	1375	1213	10,68	12,61	427	7,3	1787	30,7	55	53	45	47	00:00.17	00:00.15	00:00.18	00:00.13	146	134	162	121
16	0:00:00.42	0:00:06.43	16	143	154	149	3	67,331	71,689	8	128,045	152	152	146	397	546	496	452	68	77	00:53.46	00:50.16	1010	1375	1200	10,50	12,48	431	7,8	1803	32,5	52	53	48	47	00:00.13	00:00.14	00:00.12	00:00.13	111	133	103	120
17	0:00:00.42	0:00:06.85	17	143	154	149	3	68,234	71,478	8	136,006	153	153	146	412	546	604	449	70	76	00:52.76	00:50.31	1047	1375	1191	10,89	12,38	445	8,2	1865	34,3	54	53	46	47	00:00.14	00:00.14	00:00.15	00:00.13	120	132	129	120
18	0:00:00.41	0:00:07.26	18	146	154	149	3	68,290	71,298	8	143,783	153	153	147	403	546	593	447	68	76	00:52.71	00:50.43	1050	1375	1183	10,91	12,30	436	8,6	1824	36,2	54	53	46	47	00:00.16	00:00.14	00:00.18	00:00.13	137	132	162	123
19	0:00:00.42	0:00:07.68	19	143	154	148	3	67,521	71,091	8	151,661	154	154	147	400	546	558	444	68	76	00:53.31	00:50.58	1018	1375	1174	10,58	12,20	434	9,1	1816	38,0	53	53	47	47	00:00.18	00:00.15	00:00.00	00:00.12	154	133	0	116
20	0:00:00.42	0:00:08.10	20	143	154	148	3	66,644	70,860	8	159,436	155	155	148	386	546	525	441	66	75	00:54.01	00:50.74	982	1375	1164	10,21	12,10	419	9,5	1756	39,7	54	53	46	47	00:00.19	00:00.15	00:00.00	00:00.12	163	135	0	110
21	0:00:00.43	0:00:08.53	21	140	154	148	2	66,100	70,621	8	167,331	156	156	148	387	546	518	438	66	75	00:54.46	00:50.90	961	1375	1154	9,99	11,99	421	9,9	1761	41,5	53	53	47	47	00:00.13	00:00.15	00:00.13	00:00.12	106	133	111	110
22	0:00:00.43	0:00:08.96	22	140	154	147	2	66,284	70,412	8	175,249	156	156	148	390	546	565	436	66	74	00:54.31	00:51.05	968	1375	1145	10,06	11,90	424	10,3	1773	43,3	49	53	51	47	00:00.17	00:00.15	00:00.18	00:00.12	146	134	147	112
23	0:00:00.43	0:00:09.39	23	140	154	147	2	64,497	70,142	8	182,953	157	157	149	362	546	554	433	62	74	00:55.81	00:51.23	899	1375	1133	9,35	11,78	395	10,7	1655	44,9	49	53	51	47	00:00.18	00:00.15	00:00.00	00:00.12	154	135	0	107
24	0:00:00.43	0:00:09.82	24	140	154	147	2	64,637	69,901	8	190,673	157	157	149	364	546	464	430	62	73	00:55.69	00:51.40	904	1375	1123	9,40	11,68	397	11,1	1664	46,6	49	53	51	47	00:00.18	00:00.15	00:00.19	00:00.12	154	136	155	109
25	0:00:00.43	0:00:10.25	25	140	154	146	2	64,887	69,690	8	198,423	158	158	149	368	546	504	427	63	73	00:55.48	00:51.55	914	1375	1115	9,50	11,59	401	11,5	1680	48,3	54	53	46	47	00:00.15	00:00.15	00:00.13	00:00.12	123	135	111	109
26	0:00:00.44	0:00:10.69	26	136	154	146	2	64,645	69,483	8	206,324	159	159	150	373	546	593	425	63	72	00:55.68	00:51.70	905	1375	1106	9,40	11,50	407	11,9	1703	50,0	51	53	49	47	00:00.17	00:00.15	00:00.19	00:00.12	139	135	155	111
27	0:00:00.44	0:00:11.13	27	136	154	146	2	63,058	69,229	8	214,032	160	160	150	348	546	539	422	59	72	00:57.09	00:51.88	846	1375	1096	8,79	11,39	382	12,3	1600	51,6	52	53	48	47	00:00.19	00:00.15	00:00.00	00:00.12	155	136	0	106
28	0:00:00.45	0:00:11.58	28	133	154	145	2	62,857	68,981	8	221,889	161	161	151	353	546	513	419	60	71	00:57.27	00:52.05	839	1375	1086	8,72	11,29	388	12,7	1623	53,2	52	53	48	47	00:00.18	00:00.15	00:00.00	00:00.11	147	137	0	102
29	0:00:00.44	0:00:12.02	29	136	154	145	2	62,589	68,747	8	229,538	161	161	151	341	546	471	416	58	71	00:57.51	00:52.22	829	1375	1076	8,62	11,19	375	13,1	1570	54,8	54	53	46	47	00:00.18	00:00.15	00:00.14	00:00.11	147	137	115	103
30	0:00:00.45	0:00:12.47	30	133	154	144	2	63,927	68,573	8	237,529	161	161	151	370	546	513	415	63	70	00:56.31	00:52.35	878	1375	1069	9,12	11,11	404	13,5	1693	56,5	54	53	46	47	00:00.14	00:00.15	00:00.15	00:00.11	110	136	123	103
31	0:00:00.45	0:00:12.92	31	133	154	144	2	63,994	68,414	8	245,529	162	162	152	371	546	580	413	63	70	00:56.25	00:52.47	880	1375	1063	9,15	11,05	406	13,9	1698	58,2	49	53	51	47	00:00.18	00:00.15	00:00.19	00:00.12	147	136	149	105
32	0:00:00.44	0:00:13.36	32	136	154	144	2	63,076	68,238	8	253,238	163	163	152	349	546	558	411	59	70	00:57.07	00:52.60	847	1375	1055	8,80	10,97	382	14,3	1601	59,8	52	53	48	47	00:00.18	00:00.15	00:00.19	00:00.12	147	137	155	107
33	0:00:00.45	0:00:13.81	33	133	154	143	2	63,486	68,083	8	261,174	164	164	152	363	546	548	409	62	70	00:56.70	00:52.72	862	1375	1049	8,96	10,91	397	14,7	1664	61,4	53	53	47	47	00:00.19	00:00.15	00:00.00	00:00.11	155	137	0	103
34	0:00:00.44	0:00:14.25	34	136	154	143	2	62,491	67,910	8	268,811	164	164	153	340	546	450	407	58	69	00:57.60	00:52.85	825	1375	1042	8,58	10,83	373	15,0	1564	63,0	51	52	49	48	00:00.19	00:00.16	00:00.19	00:00.12	155	138	155	105
35	0:00:00.46	0:00:14.71	35	130	154	143	2	61,583	67,712	8	276,680	165	165	153	342	546	498	405	58	69	00:58.45	00:52.99	793	1375	1034	8,25	10,75	376	15,4	1576	64,6	54	53	46	47	00:00.20	00:00.16	00:00.00	00:00.11	157	138	0	101
36	0:00:00.45	0:00:15.16	36	133	154	142	2	62,289	67,551	8	284,466	167	167	154	345	546	565	403	59	69	00:57.79	00:53.12	818	1375	1028	8,51	10,69	379	15,8	1586	66,2	49	52	51	48	00:00.14	00:00.16	00:00.19	00:00.12	115	138	149	103
37	0:00:00.46	0:00:15.62	37	130	154	142	2	61,558	67,375	8	292,332	168	168	154	341	546	561	402	58	68	00:58.48	00:53.25	793	1375	1021	8,24	10,61	376	16,2	1574	67,7	51	52	49	48	00:00.19	00:00.16	00:00.19	00:00.12	149	138	149	104
38	0:00:00.45	0:00:16.07	38	133	154	142	2	61,528	67,211	8	300,023	168	168	154	333	546	506	400	57	68	00:58.50	00:53.37	791	1375	1015	8,23	10,55	367	16,5	1538	69,3	52	52	48	48	00:00.19	00:00.16	00:00.20	00:00.12	155	139	157	106
39	0:00:00.46	0:00:16.53	39	130	154	142	2	60,656	67,029	8	307,774	168	168	155	328	546	501	398	56	68	00:59.35	00:53.51	761	1375	1008	7,92	10,47	362	16,9	1517	70,8	55	52	45	48	00:00.20	00:00.16	00:00.00	00:00.12	157	139	0	103
40	0:00:00.46	0:00:16.99	40	130	154	141	2	60,589	66,854	8	315,516	168	168	155	327	546	470	396	56	67	00:59.41	00:53.64	759	1375	1001	7,89	10,40	361	17,3	1513	72,3	50	52	50	48	00:00.14	00:00.16	00:00.15	00:00.12	110	138	117	103
41	0:00:00.46	0:00:17.45	41	130	154	141	2	60,872	66,697	8	323,294	168	168	155	331	546	546	394	56	67	00:59.14	00:53.76	769	1375	995	7,99	10,34	366	17,6	1531	73,8	52	52	48	48	00:00.18	00:00.16	00:00.20	00:00.12	141	138	157	105
42	0:00:00.47	0:00:17.92	42	128	154	141	2	58,730	66,488	8	330,961	168	168	156	307	546	496	392	52	67	01:01.29	00:53.92	698	1375	987	7,25	10,26	342	18,0	1431	75,3	54	52	46	48	00:00.20	00:00.16	00:00.20	00:00.12	150	139	157	106
43	0:00:00.47	0:00:18.39	43	128	154	140	2	59,913	66,320	8	338,783	168	168	156	324	546	482	390	55	66	01:00.08	00:54.05	736	1375	981	7,66	10,19	359	18,3	1503	76,8	57	53	43	47	00:00.20	00:00.16	00:00.20	00:00.12	150	139	157	107
44	0:00:00.47	0:00:18.86	44	128	154	140	2	59,817	66,158	8	346,593	168	168	156	323	546	522	388	55	66	01:00.18	00:54.18	733	1375	974	7,62	10,13	358	18,7	1497	78,3	51	52	49	48	00:00.15	00:00.16	00:00.16	00:00.12	113	138	125	108
45	0:00:00.48	0:00:19.34	45	125	154	140	2	59,662	65,996	8	354,548	169	169	157	327	546	532	387	56	66	01:00.33	00:54.30	728	1375	968	7,57	10,07	363	19,1	1519	79,8	48	52	52	48	00:00.17	00:00.16	00:00.16	00:00.12	128	138	120	108
46	0:00:00.47	0:00:19.81	46	128	154	139	2	57,045	65,784	7	361,995	169	169	157	284	546	528	384	48	65	01:03.10	00:54.46	645	1375	961	6,70	9,99	318	19,4	1331	81,1	52	52	48	48	00:00.18	00:00.16	00:00.21	00:00.13	141	138	158	109
47	0:00:00.48	0:00:20.29	47	125	154	139	2	59,485	65,635	8	369,926	169	169	157	325	546	488	383	55	65	01:00.51	00:54.58	722	1375	955	7,51	9,93	360	19,7	1508	82,6	52	52	48	48	00:00.20	00:00.16	00:00.21	00:00.13	150	138	158	110
48	0:00:00.47	0:00:20.76	48	128	154	139	2	61,137	65,533	8	377,908	170	170	157	342	546	505	382	58	65	00:58.88	00:54.67	778	1375	951	8,09	9,89	378	20,1	1581	84,2	54	52	46	48	00:00.14	00:00.16	00:00.19	00:00.13	110	138	143	111
49	0:00:00.47	0:00:21.23	49	128	154	138	2	59,450	65,399	8	385,670	170	170	158	317	546	529	381	54	65	01:00.55	00:54.78	721	1375	946	7,50	9,83	352	20,5	1475	85,7	52	52	48	48	00:00.19	00:00.16	00:00.18	00:00.13	143	138	141	112
50	0:00:00.48	0:00:21.71	50	125	154	138	2	57,503	65,224	8	393,337	170	170	158	296	546	511	379	50	64	01:02.60	00:54.91	659	1375	940	6,85	9,77	331	20,8	1387	87,1	52	52	48	48	00:00.19	00:00.16	00:00.19	00:00.13	143	138	143	112
51	0:00:00.48	0:00:22.19	51	125	154	138	2	57,370	65,054	8	400,986	170	170	158	294	546	515	377	50	64	01:02.75	00:55.05	655	1375	933	6,81	9,70	329	21,1	1379	88,4	53	52	47	48	00:00.19	00:00.16	00:00.20	00:00.13	143	138	150	113
52	0:00:00.48	0:00:22.67	52	125	154	138	2	56,661	64,876	8	408,541	171	171	159	285	546	501	375	48	64	01:03.53	00:55.18	633	1375	927	6,58	9,64	319	21,4	1337	89,8	54	52	46	48	00:00.19	00:00.16	00:00.21	00:00.13	143	138	158	114
53	0:00:00.49	0:00:23.16	53	122	154	137	2	58,006	64,731	8	416,436	171	171	159	310	546	511	374	53	64	01:02.06	00:55.30	675	1375	922	7,01	9,58	345	21,8	1446	91,2	52	52	48	48	00:00.20	00:00.16	00:00.20	00:00.13	144	138	150	115
54	0:00:00.49	0:00:23.65	54	122	154	137	2	56,228	64,555	8	424,089	171	171	159	285	546	482	372	48	63	01:04.02	00:55.44	620	1375	915	6,45	9,52	320	22,1	1340	92,6	53	52	47	48	00:00.21	00:00.16	00:00.20	00:00.14	151	138	150	116
55	0:00:00.49	0:00:24.14	55	122	154	137	2	57,752	64,417	8	431,950	171	171	159	306	546	552	370	52	63	01:02.33	00:55.55	667	1375	910	6,93	9,46	342	22,4	1431	94,0	56	52	44	48	00:00.21	00:00.16	00:00.20	00:00.14	151	139	150	116
56	0:00:00.50	0:00:24.64	56	120	154	136	2	55,597	64,238	8	439,672	172	172	160	282	546	499	369	48	63	01:04.75	00:55.70	602	1375	904	6,25	9,40	318	22,8	1330	95,3	52	52	48	48	00:00.21	00:00.17	00:00.21	00:00.14	151	139	151	117
57	0:00:00.49	0:00:25.13	57	122	154	136	2	56,288	64,083	8	447,333	172	172	160	285	546	477	367	49	62	01:03.95	00:55.82	622	1375	899	6,47	9,34	321	23,1	1343	96,7	52	52	48	48	00:00.20	00:00.17	00:00.20	00:00.14	150	139	144	117
58	0:00:00.50	0:00:25.63	58	120	154	136	2	56,617	63,937	8	455,197	172	172	160	296	546	499	366	50	62	01:03.58	00:55.94	632	1375	893	6,57	9,29	332	23,4	1390	98,1	54	53	46	47	00:00.21	00:00.17	00:00.20	00:00.14	151	139	144	118
59	0:00:00.50	0:00:26.13	59	120	154	135	2	55,983	63,785	8	462,972	172	172	160	287	546	461	364	49	62	01:04.30	00:56.07	613	1375	888	6,37	9,23	323	23,7	1352	99,4	53	53	47	47	00:00.20	00:00.17	00:00.20	00:00.14	144	140	144	118
60	0:00:00.50	0:00:26.63	60	120	154	135	2	54,174	63,604	8	470,496	173	173	160	263	546	441	362	45	62	01:06.45	00:56.21	561	1375	882	5,83	9,17	298	24,0	1248	100,7	51	52	49	48	00:00.20	00:00.17	00:00.20	00:00.14	144	140	144	119
61	0:00:00.51	0:00:27.14	61	118	154	135	2	54,725	63,438	8	478,249	172	173	161	275	546	508	361	47	61	01:05.78	00:56.35	576	1375	876	5,99	9,11	312	24,4	1305	102,0	53	53	47	47	00:00.21	00:00.17	00:00.21	00:00.14	151	140	145	119
62	0:00:00.51	0:00:27.65	62	118	154	135	2	54,311	63,269	8	485,943	173	173	161	270	546	477	359	46	61	01:06.28	00:56.48	565	1375	870	5,87	9,05	306	24,7	1281	103,2	53	53	47	47	00:00.21	00:00.17	00:00.22	00:00.14	151	140	152	120
63	0:00:00.51	0:00:28.16	63	118	154	134	2	53,798	63,098	8	493,564	173	173	161	263	546	428	357	45	61	01:06.91	00:56.62	550	1375	865	5,72	8,99	299	25,0	1252	104,5	50	52	50	48	00:00.22	00:00.17	00:00.21	00:00.14	158	140	145	121
64	0:00:00.52	0:00:28.68	64	115	154	134	2	54,289	62,938	8	501,406	173	173	161	275	546	424	356	47	60	01:06.31	00:56.76	564	1375	859	5,86	8,93	312	25,3	1305	105,8	49	52	51	48	00:00.20	00:00.17	00:00.19	00:00.15	138	140	132	121
65	0:00:00.51	0:00:29.19	65	118	154	134	2	54,804	62,796	8	509,170	173	173	162	276	546	498	354	47	60	01:05.68	00:56.88	579	1375	854	6,01	8,88	313	25,6	1309	107,1	50	52	50	48	00:00.20	00:00.17	00:00.18	00:00.15	138	140	130	121
